Gene	IUPHAR	Shedding	ebBRET	STRING	Family	Class	PC1	PC2	PC3	PC4	PC5	PC6	PC7	PC8	PC9	PC10	PC11	PC12	PC13	PC14	PC15	PC16	PC17	PC18	PC19	PC20	PC21	PC22	PC23	PC24	PC25	PC26	PC27	PC28	PC29	PC30	PC31	PC32	PC33	PC34	PC35	PC36	PC37	PC38	PC39	PC40	PC41	PC42	PC43	PC44	PC45	PC46	PC47	PC48	PC49	PC50	PC51	PC52	PC53	PC54	PC55	PC56	PC57
ADGRG2	Not-coupled	-	-	-	Adhesion Class GPCRs	classB	2.1503633254617767	-13.447140369750633	12.5481144322589	9.90343017474719	-6.564454143431564	3.047402147599904	13.207819185326091	3.7158927613452404	7.904173573059499	2.786595508466206	-4.590622595577241	-0.8630551957825182	3.1991975300371647	0.2091900177155463	0.41822686097981915	-0.6471952155814928	-0.6650689697175268	-1.1595761310408987	0.6177476393519226	-1.5200035676061614	0.7650283218959586	0.7782329863955761	1.8319560980953467	-0.08766848828187901	-0.17568790231650536	-0.7687172495818629	0.4958972168820044	-0.7861282520803563	0.8072744131378378	-0.23275302184536661	0.15389986655247928	-0.8236091478311668	-0.05353853295146549	-0.8152360699435124	1.1003315851077164	0.5407601894005305	-0.3746362526027664	-0.6642054503384632	-1.0138263000423924	1.3923033649483827	-0.0691152960639824	-1.1806563233760041	1.4743709283696136	-0.1367734808403411	0.2559950018795084	-0.2713615716640199	-0.6749556636948639	1.0395697786678941	-0.3788661863718691	-0.24924795949149234	1.210470535204218	-1.3747476180161045	-0.9615631169971316	0.4440687263688105	-0.016756026382731697	-0.2269161007537276	0.9217027000280322
LGR6	-	-	-	-	NA	classA	35.044686181878426	-5.573226787184906	3.1896511486853183	9.196403527086666	-4.596956751797789	1.2384397127696138	2.567241028564706	-2.777479289110548	-4.3901288901129	-2.019192958932674	-0.27075355883844165	0.20840172701829407	-1.6512150341863416	3.150070613091235	1.0348308816758753	-3.1662594681844705	2.14792068424876	-4.767433532954762	0.3635307150936369	2.0563493879755135	3.700657397428923	-2.082773729500989	3.0403028650006108	7.192120111821559	-4.2055803018559645	1.8011620568698072	-3.4383729247246233	0.8666388755570443	7.8319121827799	7.199668234132267	1.4325581930687863	-0.9120103639405708	0.3352081789031392	-0.43351736236436067	-1.0914134667027324	-1.5816132167744728	3.7967630260152627	-0.6722071590216145	5.259906739339411	0.32332636782609026	-1.5027613498715677	0.02971752143726023	0.8756852531162149	2.0080655785672756	0.19979487811183322	2.1508038081570695	-0.463339944186673	0.7521560340589812	0.3695444070826049	0.17103345802855846	-0.07002058509052844	1.2805344749239918	-0.9664246961384994	-0.07461489596538778	-1.267074531556089	0.18968229033097161	-1.2504900422623915
ADGRD2	Not-coupled	-	-	-	Adhesion Class GPCRs	classB	28.579479360489422	-6.351540349457335	12.047940130826527	1.3906077602064901	-1.5924617100018021	5.2003236072198495	-7.934530813762386	-0.5077542256193598	1.148433334943203	3.819377648344978	-0.25984616882098877	0.05447422908754493	0.9851065676109443	0.16436932721704947	1.8817003716571032	-0.3127037458876768	-0.4928499788260026	-1.2575888858252136	-1.694234007184916	0.3991181714875808	-1.2723474078541666	0.31590583231533187	-0.13441068970927622	2.29033611524936	2.445227539142353	-1.0388878066998268	-1.4140682105308122	0.6693572217990911	-1.0977423050068318	-0.32918538007923476	0.8826973129193136	1.9668572562350433	-1.3112458541031873	0.4269551356443173	-0.38335403754716535	0.5278315139316206	2.6350665638651916	0.9230433482859403	3.618551985955454	-0.6136920327415446	-0.6200604115354194	-0.9031891268884005	-0.3395618472021871	0.9573503536596306	2.116028116494458	-0.08751935951346851	-1.3178636198451386	0.5222762888277019	0.9023126625355459	-1.3365045162137756	-0.5219456869247648	-0.7776247783445723	4.101741154103256	-1.5534583721822197	-0.9423822345106923	-0.7437052827633933	3.1025116422481798
GABBR1	Not-coupled	-	-	-	GABA<sub>B</sub> receptors	classC	10.176887060094806	-10.957720946540867	14.040769799808263	6.069855801766528	-4.863691421013546	3.1124147962283177	13.820267385712766	2.4234543576300567	7.286162713669101	2.288735176839356	-3.93322310857428	-0.1864675233622417	3.736053342812256	-2.5484762124628375	0.8087842507858178	-1.0967475679971386	-0.0725443955406783	-0.5445657902412216	-1.0757368711511168	-0.42618036924146563	-0.49671611972859836	0.8960165030734589	0.45738142757386546	-1.8578754780823303	-1.2329421067577178	-0.544253278078988	-0.005708965894919211	0.08260638452968866	0.6055053413129776	-1.35077714667572	0.44948950055152487	-0.490976345644688	-0.40283146575072626	-0.37796234584271005	1.0065853385465886	0.9429864428037796	0.03792053478343667	-0.8278667157401166	-0.16487758522926957	0.7289045988654091	-0.06486821131929568	0.09358290590556943	0.41855902966875985	-1.1008044883209611	-0.1836991392003683	0.6408563880617416	-0.9127577518824211	1.542505266228909	-0.614365623556572	0.8678990357329551	1.5993265942135244	-1.5866148163310856	-1.1512910426700806	-0.019498112400900672	-0.16247853829267497	0.03777158643275928	0.13347938561861888
LGR4	Not-coupled	-	-	-	Class A Orphans	classA	38.97347238249002	-4.790950265758128	7.269689870216971	0.6962043136627225	0.33490703528149013	3.277365542715543	-5.254805781623246	-1.8014064188796794	0.9407966266320028	5.200950278037505	-1.782230402445143	-0.6312002657830392	0.9026549398995973	-0.3765407079803585	-0.7382430065641492	-0.49847010669635095	0.4212292861582647	-0.9548546254167097	-1.4826964930517288	-0.24818878043074316	1.2082505347060175	2.2749858530392753	-0.7217992016938471	0.29249957834490653	1.3829401233526757	-0.6322707890835232	0.6093994418752864	0.1860114981136932	-1.0730890889088454	-0.5511611005573045	2.4945277751142423	2.120943779574443	-1.5405892776355414	-0.8858805794015148	0.5491924642815262	-0.020113413433307276	0.24853084013108934	2.78686983936691	2.2958154934549184	-0.8866893800506339	0.16495965265631773	-1.3204777607342788	-1.2127217079178325	0.0876618120944029	1.5105886154822152	-1.2903424237746075	-1.9910293217745179	0.0797414516504021	-0.4289390955370283	-0.7383605507116399	-0.6232374256818889	-1.2902470431448423	1.8944531314243958	0.2981838008759883	-1.1293831211365044	0.34045958984822206	0.46991824480534483
GABBR2	Not-coupled	-	-	-	GABA<sub>B</sub> receptors	classC	44.11848376639602	0.8930150875565426	8.82555038788797	-3.943660319472685	-2.1824349781155075	5.345629779588124	-3.918596530020573	-0.36382074171542506	-1.8580285883091487	2.2788240334104635	-1.229259013333945	0.12619597421514406	-2.3451444616354293	3.714706850551313	0.5325712263248242	0.5626237061022391	0.017132209791339194	-0.4166291077226966	0.7073294759879872	1.7835540537941317	1.7061952697050957	-1.3082061691600402	-0.2778586323751361	-0.9933172047028171	-0.08171980433866403	0.6019014947972628	-0.22622463355108816	0.21569582922229263	0.8750847178063791	-0.04602099914384718	0.3768436030864591	-2.180037194212695	0.27934092795204346	-1.3615478817660538	0.6405191494645863	0.6007445393421876	-1.0233754564907063	-0.16136138330573252	-1.0868717545398021	-0.28196004031192806	0.5999068827352793	-0.14766236773392813	-0.03468075918609899	0.2171187264623488	-0.7976274287064478	-0.031203366203743643	1.180944125560306	-0.29589876063977366	-0.5859574634272268	-0.01515147170219158	0.09536038050993147	0.5165617391933862	-0.625082081313157	0.874031606656346	-0.5778864275988912	0.5042286048246939	0.2165747685483203
GPRC6A	Not-coupled	-	-	-	Calcium-sensing receptors	classC	32.39603684569459	-4.35439736245563	11.907245427207261	-2.745267615922994	-2.0543338231095776	8.279447933814463	-10.498063935653182	0.09167388140718366	1.5778347061353821	2.6706144176323776	-1.1779007584920898	-0.8405612428518537	-0.2759650365206429	-0.5919952733452237	-0.3117134484863014	0.562423693192408	-0.661697215641474	0.7910319947754678	-0.87100198900593	-0.7859945228756858	-0.058708361309231204	0.8405654069946854	0.5957152447633568	-0.10979739172942823	-0.5512728708045026	-0.4594173291282042	-0.2888218270286071	0.08312944285716417	-1.0152755300801788	-0.30023986041121237	-0.9083377828997308	-0.5861245907187468	0.18273986055904987	0.6606645710917853	-0.1586045925681953	-0.7796021566525783	0.03965530986185109	-0.47565105672750974	-1.0105251767639856	0.07956104504096444	0.15828227666770026	-0.8078687518703164	-0.051576110539196494	-0.25402050040124824	0.699836553579732	0.08922979583437445	-0.23426678010972712	-0.09244471171755068	-0.11953845992474899	0.12205856511638762	1.0749516189962465	0.216979421916066	-0.8125185041531451	0.13418312077359618	1.1626225244669648	-0.43857847955388257	-0.7031146400011643
GRM7	Coupled	-	-	-	Metabotropic glutamate receptors	classC	29.55560001868693	-5.36597734840913	12.257731798052951	-0.21335561894733404	-4.049479874581243	8.288713671196993	-12.126692542043127	-0.06877482359526091	0.9932980004624467	3.913501411520646	-1.2683590154317181	-2.0487912168837603	-0.5957569599173159	-1.5834592279433433	-1.521570888744625	-0.2651196216960649	-0.7722144361562561	0.7914671838514895	-1.4192375415376497	-1.037712262382413	-0.6091179258508271	0.9207998644031933	-0.43276599677209815	0.33356344266651433	-0.8908715501959682	-1.1974838191185808	-0.09527128826363337	1.2085067934027962	-0.6945711707379063	-0.17880728010232377	-0.7879118480258083	0.650128834923067	-0.7612054113813063	1.8632598120322077	0.13604891685888965	-0.225113502315605	-0.06886175945523491	-0.48279226541645986	-0.8694936115843849	0.5987316749173308	-0.15946994081276833	-0.7872193626088441	0.3389002564266512	-0.49515493240382663	0.5131873365160136	0.27353024815495974	0.14475954348422143	0.6527917152100027	0.03044682083847657	0.24244036269515262	1.1913452708774117	0.2891168541876881	-0.5317204852815868	-0.08214059741484679	1.1676567766631443	-1.3739524723546432	-1.5391339022349053
GRM4	Coupled	-	Coupled	-	Metabotropic glutamate receptors	classC	56.15343528813045	1.0343598568858785	4.052912304294584	-2.4970693034985416	-1.071832071622565	5.578118907013799	1.0352628293275046	-3.2882223903559544	-3.241477307363454	-3.845931236881338	2.9368317181508052	-0.46130156304804865	-1.488167716947086	0.7449218079702944	0.7188702656608421	-2.065516413101157	0.3715964298010958	0.37414380835773664	-0.14656294398054942	-1.0853580698861043	2.2149111765323855	-1.732646768923383	-1.5834087941120205	-0.14761561927400318	-1.639149994554979	-0.11898392198518891	1.5144219753998773	0.1502922324970455	0.8089068460829505	-0.028238096324175222	1.1699247831198567	-1.4026080642942131	0.0860327833376372	-1.0852620916888511	1.0467248255574342	-0.6714968743773676	-1.0372977496081026	1.2022819115573418	0.11788250870308879	-1.7456510298122079	-0.7585050727556261	0.6772950650027507	-1.522320097323544	-2.457136056791987	-1.1934047829785526	-0.15511635241105187	0.6782312621894525	0.08066842502174133	-0.7175476797005267	-0.4804381335170255	2.7702255835055087	0.36588810863227	-0.0025457656429625844	-0.03883269900070901	-0.9390274549624453	0.27204742947739124	0.5478992270022615
ADGRF1	-	-	-	-	NA	classB	35.38945588256834	-3.302472060833876	11.742255592426895	-2.967427986185304	-2.6647042837209067	10.039988574529493	-11.868848368800773	0.10308887102287811	1.2898384502092517	4.199836980189653	-2.1166198722941614	-0.9652112867327446	-1.3640783861622428	-0.0786883175713518	0.07256802396100978	-0.027811125015906227	-1.1684165163016431	0.4036996243217122	-0.8092368303542156	-0.8246823568301711	-0.9256209204330919	0.9047438302672134	0.7091015140530298	0.020868457884811602	-0.3740725123162416	-1.4789308294260446	-1.2218981655136678	0.7039436690100254	-0.7762670593625702	-0.5042607286775629	-0.8769366347774412	-0.30608302223298833	-0.22377094201778716	1.5455155270215846	-0.1701064598883981	-0.4436628544548452	-0.7358218642912684	-0.5521211484725411	-0.8804044154103721	0.6584101583379978	0.41749623587261053	-1.3375753147845593	0.6498077831453604	0.4514720704266797	0.4687978860940993	0.587705217190965	0.13806861186789227	0.24774683145326765	0.3806704353933403	0.586657784855387	0.415203295974041	0.13711429486387924	0.5426968975130078	-0.482458257860567	0.6476525051052213	-0.9944269504509817	-0.2818307807371177
GRM8	Coupled	-	Coupled	-	Metabotropic glutamate receptors	classC	7.736715919499202	-8.796843219177868	14.050431216254307	5.78627308768131	-5.187542259529768	4.256560089705655	14.729610080098794	3.9779820782841924	7.306303746769282	1.8092110530986123	-3.8761763717878446	0.46687309934712695	2.4172931966645317	-1.035787550512138	0.5333350422870812	-2.1736523661676257	-1.4525655844711816	0.5126404688434966	-0.7367503490301307	0.5533910150654539	-0.7103974713426843	0.6985723019375806	0.6348685579803427	-0.20324429231226682	-1.042642729843696	-1.101151061916637	-0.041752582410584625	-0.14600990419797974	-0.11880471617367823	-1.302781073514198	0.8054612593958715	-0.015061322551727695	-0.07307875402884355	-0.9186729451475563	2.0897298065861794	0.533952222959757	0.013429409280362506	0.08828384384899858	0.2067150584166028	0.3612110766600031	-0.1729897860836034	-1.170885661369151	0.8066243523266194	-1.1765630344256766	-0.05262395162330347	0.1616361758061241	-0.3717821478445986	1.915698097059295	-0.2937385353121848	0.5485331988332652	0.4781561865613849	-1.242689816847518	-0.7913989985063872	0.21217386567191676	-0.3247976551543164	-0.7688755844769031	0.6084864164589366
LGR5	-	-	-	-	NA	classA	16.06120508018832	-6.917241271198064	12.522582725538365	1.8538538622770682	-0.39916412870891105	3.1292401499602116	3.7826343476093376	-3.8116391393567857	-4.499120893528055	-4.905327662892777	9.673895021617135	1.911685386603801	0.31285047458205495	-1.0333315367267855	2.4780897171357146	2.1216387761481093	3.586766305001115	-2.3794323158051296	1.5773695073538803	1.295227458421656	-2.698999073344569	0.42002782973454383	-0.7311990228760342	1.294251339784722	2.3988660081438278	0.9932596724452569	-1.1345325908031951	-0.7267952399697443	-1.5123644155719058	-0.6268291259402506	-0.3342458701650418	1.0709583327944685	-1.3092598189009195	0.11681387218839143	0.782909221721815	-0.00186382136043703	-0.17338530315193226	-0.7482083385704449	-0.3208929771779325	0.8100498431336177	0.05927408283294981	-1.5990428617956671	0.6693498016492873	0.4303658882311321	0.17792360081417627	-1.3372424844073423	-0.10407474374339076	0.9849399114579228	-0.9064489153486848	0.6659876868430145	-0.8873337925735786	-1.5813609526257524	-1.444397253287792	-0.13569215462770934	-0.5486730576576688	-0.32591219720488945	0.07803751643262784
ADGRE1	-	-	-	-	NA	classB	33.994494716379464	-2.2777883680363615	11.456594396657202	-3.597267255865511	-2.083086774746631	7.226396155321514	-8.851506673096162	1.10388034828181	1.0158938959538806	3.8876458768072646	-1.4336907143533537	0.1879768614400361	-1.1852550676553486	1.5208472777378663	0.3582954807691694	-0.12610608248651559	-1.0348806418007732	0.05564722523063467	-0.38347824453293994	0.7272644824675645	-1.5426329440603597	0.8648227033284517	0.842209433225635	-1.6029278231779145	0.7782720341306759	-0.24233447941042252	-0.547659749064233	-0.5912466770796084	0.21584595159632414	-0.03385522247017572	0.30866897480836863	0.40203269436809613	0.6508984283931849	-0.16816665640445994	0.3446952826469205	0.21495647205491944	0.03391850539386119	-0.07929203487411157	0.37594253022054575	-0.5112569315538091	0.7297713108884454	-0.12881727262072784	0.6061318495691412	0.3904898373814353	0.16399235779493887	-0.07695161611196286	-0.7375323449026417	-0.40046519263786695	0.41177935665375653	-0.3054939768094059	-1.0034011908223126	-0.9374901356453383	0.023840729840408966	0.25817828824713446	-0.031764366124546486	0.8140781711747109	0.46366445715190363
GRM3	Coupled	-	-	-	Metabotropic glutamate receptors	classC	35.43967899064739	-5.663312857450311	9.351361088673372	2.3107609463314063	-2.7912451940490537	6.211331125388112	-9.50829137893524	-0.29930003793770815	0.07958822166990262	2.7672418780742616	-2.4641564019179776	-0.4277285091613322	1.0837882934841179	-2.0047250360860467	-0.9626036142035821	-0.3140956343606978	1.3229841379917568	0.8025266146610146	-1.5420165726741897	0.37083233065015125	0.547677540871638	2.460828519620621	1.0448639493076346	-0.6593838621911374	0.452987448658741	0.35399982974531236	0.33064264080728634	0.47378109769907967	-0.7103754221707838	1.0374832185644822	-0.5112638657445481	0.6674268414448027	0.011322378409976568	-0.9113711442722688	-0.5306599408442999	0.5427777138075276	0.3485374214888204	-0.15302656381746726	0.2836763491763464	0.4984228193838855	0.4618426435916204	0.10230035975002709	0.04311299901111756	-0.7460270214180664	-0.3536815214047792	0.5539641403235769	0.409298158483687	0.718653488596918	0.007035324620513866	0.9422723778745443	-0.564953078767855	-0.3000901512279911	-1.4432872701140282	-0.4985077857813326	-0.33543682769273103	0.7930910428989167	-0.7549533123783091
GRM6	Coupled	-	Coupled	-	Metabotropic glutamate receptors	classC	45.22978773117792	-0.25673077572286446	4.500479220536596	0.822117700860601	-0.9904258728747666	1.5450829789540137	1.463878639424265	-2.968092517630709	-4.185677321316443	-1.0556455676641914	1.5843857430483603	0.9179613489545858	0.5163437985599666	0.7623560936093644	-0.1421634513579323	-2.9288042114958373	-0.3456353625745386	-1.3803225536150794	-1.5665273387996825	2.0378972418712498	-0.2547707250397168	-0.5929377131124947	-0.05205973639587994	1.8397907917304837	-1.9464269823530052	1.4923532356385485	1.334615727960892	-0.10606221220162186	3.1460440447531273	1.4373659761059407	1.2010924575878137	-2.471675381273008	0.5762181000976082	-1.1067822695524114	0.7723475873396544	-0.45872952303610015	2.3612178670158865	0.356086944852972	2.8868055482560013	-0.9465121496059392	-0.1241016143618511	0.9946867857089611	0.18253116840512887	-1.7062547217280382	0.6740490229960358	-0.5659838614956111	-0.005726322424599274	0.7227654052168624	1.0631672441945403	-0.09852181307281513	-0.34810736786260027	-0.300448232229896	1.1233140777318942	-0.47272198603139076	0.874887636227185	-1.3581804283000292	1.761111962478549
ADGRD1	Not-coupled	-	-	-	Adhesion Class GPCRs	classB	36.390896530602696	-3.042902785900695	9.09376591228295	-0.6453419941795138	-2.8274047857783287	7.7313157943501905	-9.480112977660145	1.397047624027842	0.9877688819353163	2.664621764717826	-1.950660648272891	0.7636701236284973	-0.5459149709462281	1.8369248315491642	-0.424913338936297	-0.16609652105931103	-0.40336805162904765	0.6195752618987126	-1.054803345517713	1.3897730550656187	-1.2485909371583026	0.33618040811309574	0.5417875358514225	-1.7403755718508513	-0.12543768419863083	0.1601514640677825	-0.28802314968392745	-1.309942433946937	0.7354461813427697	0.2660463504313804	-0.3547806164804841	-0.0020297767610507546	0.7387568452372603	0.06638212195771814	0.5978199119213412	0.4242426305710953	0.6606787773680253	-0.18977581617669462	0.007913812046241813	-0.45748067608789567	0.9572522612530114	0.6931807735932625	0.9734386924610527	0.194105496353238	-0.2692957977829117	0.5968038637865601	-0.89168400148538	-0.5587051073028495	-0.20345608872218301	-0.46364888944846405	-0.6152955313201727	-1.0170473748100826	-0.24652489926725188	0.05693373515251044	-0.1540323274001471	0.812954320781204	-0.26872992809133145
GRM2	Coupled	-	Coupled	-	Metabotropic glutamate receptors	classC	37.998855313144084	-3.9563230636159052	7.914217253576434	6.166109757025346	-6.607245977683534	4.8018547878726	-7.232647111443136	-0.0891561462024631	-2.8558079467368045	4.48373110521212	-1.2486766962276923	-0.07377447407126275	-1.6376493596888573	1.1010653445704384	2.520524612176277	-0.1945495825916398	-0.19990761669276297	0.001013729327710125	1.1620978031497537	0.703331998645606	1.10251349100819	-0.26382908384151443	1.580583580597021	-1.8142344509859496	-1.1922677330665556	1.3379930193964562	-0.3008248529737642	-1.1756605714676653	0.659764095544911	-0.07991760060638886	-0.09886948703929299	-0.9266504104210441	0.29629306778619635	-0.18037248584681068	-0.06806313630439738	-0.33767930672072505	-0.9715271609273682	-1.3826165998492728	-1.1883369595002353	1.0325169938541217	0.10283251510979398	1.6063311683412569	-0.27235640822490564	0.2248848632277685	-0.8655958492017412	0.28695371110572326	-0.06054973559932006	0.1284116119055361	0.10842533173395183	-0.007287819947791634	-0.4627720796567815	1.089270882629596	-1.1826871122161948	0.5126684004331495	-0.3919055204720662	0.38890471433754953	0.8103719252108778
TAS1R3	-	-	-	-	NA	classC	40.415851844415805	-1.9575660154986112	9.209118334757921	2.5958387569878565	-5.83808278602567	6.226066279611374	-6.656666486266746	0.27055082122607305	-3.196309849913442	3.061009856947114	-1.6203739272457616	0.03916332298410892	-1.6277546746818696	0.008182173426166483	1.787801709805072	-0.8838251681590722	-1.5084729239486123	0.025645477676231983	1.4111545788346365	1.3199804276098095	-0.7001278783065646	-0.6650833209347236	0.7715451676466735	-1.1547003303631662	0.09121389969235333	0.622898202151613	-0.6260028209627206	-0.7918050756530276	0.6921839024967005	0.004951428621882368	-0.7517516890768146	0.2515470877371535	1.1792792777744057	-0.42031581450019884	-0.08326957283691	0.016043343558212488	-0.2549597982803926	-1.5531662800709634	-0.8712310050213117	0.558236335728533	-0.34357489015747367	0.9273170737022176	-0.3653228386876843	-0.07827834451716674	-1.6968269764891055	-0.5100166829295224	0.6453041740586326	-0.33251456095736825	0.06829642140481687	0.5243849061875938	-0.27473376444757536	1.2311430900993985	-0.6225203124534066	0.3765049088837789	-0.41637694483837695	0.5824800091456914	-0.4213139588658452
TAS1R1	-	-	-	-	NA	classC	32.034608675663584	-1.430697983609888	12.8261278652693	-0.6417141391242812	-6.083070358179787	4.9689359051395785	-6.821783841189096	0.7039504856512612	-2.857859586938605	4.6155078270433325	-1.8333345910872108	0.33362086160540344	-1.7953380780885593	0.5922540221002824	1.7363541686030661	-0.5733900664609177	-0.934991152321957	0.21367255635502044	1.3208208497401295	2.6860695747121435	0.23510573026131373	0.010603811515574197	0.7608877506012709	-0.605689942039997	-0.4674216641481294	-0.02323386827049476	0.6820822996792147	-0.9261447381397989	0.7264130125630809	0.058889361844942936	-1.539834501415416	0.6126425794011364	-0.2013278758220964	-0.3861114734076356	-0.31074250461148006	-0.38984953556809054	-0.6132090288715473	-0.7665978818377779	-0.8679085960099651	-0.007822715048009323	-0.31013674865468516	1.301804982608323	-0.6446138997780332	0.09832195290355977	-0.6031711932478737	-0.10278827752425997	1.3165528100474464	-0.49238058433192256	0.6036990803811112	0.11913800700465786	-1.029308861155259	1.0639551914894247	-0.1971098756044765	0.2735666949980813	-0.6019917289004435	0.5580925263164898	0.43229875380514005
TAS1R2	-	-	-	-	NA	classC	15.961912049439709	-8.774161713338469	11.655690251945618	4.450183103375324	-1.3017297105687067	1.4151720148636668	2.895851614700536	-3.0194041501945663	-4.504743234442275	-3.2955752322094782	8.667979417616925	1.07621493638293	0.39098813088745565	-1.8408046448133724	1.9490318936806839	1.5392458392069053	4.470852245323054	-2.2393488478142256	1.2543987833324957	-0.03954555938278403	-2.220294662832547	-0.3020413871683108	-0.012710185219230305	1.56813246568677	3.674602298628353	0.22856360072615486	-0.8108156690588716	-0.8196379637755346	-0.9946070976761253	0.3173602895551916	-0.9025416623340751	0.6690263011831341	-0.2666751566780066	0.9497722568950758	-0.07134002423594102	0.060266007077568906	0.5640677071588202	-0.7252478802923192	-1.2161240452820337	0.661016198869304	-0.3048235393443613	-1.6455588694289467	1.5178531870069765	-0.26461525681739956	0.10531510932687381	-0.8265334898001006	0.7459398025935322	0.19532741808865525	-1.5199475953403718	1.0020715678344638	-0.9579683462361369	-0.4517992417118808	-0.8605394504832938	0.4290017436583964	-0.13752411753575808	-0.6752817734774816	0.7278842218546904
ADGRE5	Not-coupled	-	-	-	Adhesion Class GPCRs	classB	18.6955473929543	-7.516973729979389	10.71307068194594	5.811165860025897	-2.924543612813693	2.0905781915712236	4.069838118843708	-3.8321831174211716	-5.440798625159439	-3.8775757904966723	8.9822757955879	0.9667383754520227	-0.5235930860028721	-1.7525536564439461	2.7887937162013072	1.547576331574152	3.784839762531312	-2.7439747335463354	1.6678234470712963	-0.44531707979175245	-2.3611150350190315	-0.1717380249050813	0.0867374950303017	1.6428796738983504	2.2009709474679413	0.12198645702923376	-0.3289276423108024	-1.571849088013827	-1.7720364918495881	-1.278064681939228	-1.8659718335626756	0.9906815962047933	-0.6627759488074715	0.7019105059131954	0.1921852549888399	-1.0062432636603376	0.4834394105469235	-0.730500217709528	-1.6169281409668028	1.2674935148817636	-0.25925958626702755	-1.3367881052202248	1.0653711603192988	0.17421761538357447	0.8626796685818295	-0.9730704586056815	0.21193679898341167	0.19871774013643276	-1.2103710480337144	0.9210749993196117	-0.7403414894477878	0.11289116578305465	-0.9726760124882058	0.7578591528989219	-0.5988681636260911	-1.1669833144036654	0.46382434143604456
ADGRE2	Not-coupled	-	-	-	Adhesion Class GPCRs	classB	54.55123668432339	-6.872314053181594	-4.28822073698503	5.474832948457641	7.126891598680105	-0.9178808532792296	4.447808564507127	-5.414057670489017	1.2979330114521828	8.299841803619012	3.590884260769415	1.426431553276878	-1.6018257701721557	0.12875705430189516	0.9807138915741409	1.4902489899080424	-0.7508024803120591	-1.1209233796148521	2.0859303018995567	-2.7159369039605887	0.5372560476417165	1.4228043460730884	1.7470100603386176	1.0140844231053046	-0.1115727906965385	-1.1821155814142528	2.0107778909127445	-1.2353058820926597	2.3261132930987793	-0.463688253165058	3.128612134057637	3.287284800665962	-0.34557268294686583	0.7715031789686868	-0.8064707383994817	-1.228509890047615	-2.7674261596704155	-0.8508647390481199	0.3893484919568853	0.8234382642379519	2.9003795344675014	0.5067002166636198	0.07620564391657753	-0.6638121824178383	-0.3498017000130852	-2.1697504914983785	-1.5275299823889579	-1.9390570469438642	0.6171047250635526	2.872245041616951	1.785152076773656	-0.11674227183583724	-0.5448051420916413	-0.0423604140617367	-0.867812903321918	1.959868436805623	0.7262336246656599
GPR156	-	-	-	-	NA	classC	29.62940717432666	-1.8700563507474834	7.963422788394519	-2.359232803256456	1.7963931870451515	4.936143616595263	-0.47015481912938517	-1.110152163599616	-1.6120680645245922	-5.849765275181079	8.035733799945076	0.9525091235027915	-1.7013802052640286	0.4333793688009155	0.822951673651865	-0.27292381537826244	1.4518487544112393	0.8692796747036708	-0.18035849664430154	0.2493308524519473	2.8565970686700175	0.05525250744957949	-0.8920661883813322	-0.8182691320640442	0.07015899611161286	-0.9990726552626896	2.365331082025499	0.3270950142597924	-0.47585512590672985	-0.18498801871797765	0.5954516022884038	-0.9674415811468022	0.028889293811586628	-0.9637454853500923	-2.1528431596673547	0.8008923651836303	-0.04081460086321118	2.8884050644104953	-0.07438066940561563	-2.0375873765607078	-1.7913069560440735	1.1215590138685378	-1.6570265524273526	-2.191856148614666	0.6524274817880745	-0.04728023193274232	-1.9642706754347445	0.7553702252722216	-0.4798469970959872	0.27202170431557166	2.3344004200489175	0.5775241758591575	0.7876861014222949	-0.24611179363225863	-0.465041938431247	0.7637913983134578	-0.697743589447103
ADGRG7	-	-	-	-	NA	classB	52.45100494961252	-5.602175176513496	-1.2129376083767958	0.7774615540355607	1.8152416836499283	-3.380736449818912	-2.010413366828791	-1.5926837048007936	1.8066842698939785	-0.47744814542589503	-1.926308403939571	-1.7539929867491788	0.10100005604807173	0.33598615741730475	-2.2386042926298124	1.2363872379363419	0.2638136974891185	-0.38994004000484983	2.1473080604759245	-1.2037053876257249	1.2752438015606	-0.4499937819372237	-0.7338793636871048	1.941746946753769	-0.1410626382433466	-0.7687635947723983	-0.14394440978719825	1.0503915742398051	-0.8857618018995722	0.3044269630777068	0.7072742712948874	1.3150388529085806	-0.05539634080757173	-0.8265666704451501	0.1291154935265551	1.8469012469556305	-0.6587066729151755	0.5127380793127968	0.6710823268246379	0.9089267019940659	-0.5455279356567523	0.09614688411694956	-1.4689588059471648	0.0565701471730702	-0.3271950784906307	-0.5456653546759686	-0.4878905822343156	0.2600050646298214	-1.0545171768620374	1.2048576244343854	0.7562868710929402	0.5323307066045005	-0.3350799118258171	0.9584144961044174	-0.8677132170705164	1.0026829197730187	-0.20582193308934948
SMO	Coupled	-	-	-	Class Frizzled GPCRs	Frizzeled	23.77616742503301	-3.267329025283058	6.930097095457433	-1.7677955159485392	-1.80564085500663	2.368328782824005	7.299985713580311	0.9642078188635652	3.8150950533470427	1.6376822590791205	-2.7610700012740863	1.2039251113596112	0.059050015020100266	0.1926750218262382	-0.8425062809743644	-1.0712996518069695	0.7727005248361867	1.130648642605074	-0.7209866717911254	-1.6172768843681171	1.8420745542925638	-0.8969228117419328	-0.4960669678177149	0.02579867381202703	-0.4528040057492087	-0.08071446921874376	1.809682268588338	-0.18662858718315734	-0.03131638093994979	0.8762025149978164	-0.6658619838348943	-1.9871388795864515	0.737059471746104	-0.842234695707349	-0.2961996018999869	-0.44756043522546257	0.29760481587653603	1.58044465890395	-0.775610258850034	-1.3654702452307343	1.2920103776410468	0.10386166224992915	-0.047674456061770676	-0.044667465565744316	0.2462118194038805	-0.5539831489854635	-0.990719653385159	-0.9066062171634359	-2.0097013824130068	-1.822279520880331	-2.046289810637812	1.638496518089377	0.7674206564319209	-0.7691175014680457	0.3988788773693292	0.27237547402169626	-0.4072284310299942
TSHR	Not-coupled	-	-	-	Glycoprotein hormone receptors	classA	-5.5588927878292544	-7.367461282886613	18.436465413472757	1.6855602369800495	-5.233793074221783	2.519315669217201	11.944862614515186	5.43225120959214	6.705796318192157	-2.0898763323581466	-2.5111608078441128	1.4393782939220112	-0.48262444505267443	0.7281267401555903	0.09410628330913857	-0.1262395672798741	-1.3572952410396986	-0.9046035888956327	-0.4033242534427377	0.7586029703377026	-0.1930117511258508	-1.7039739219757304	-0.9905698207292303	-0.08045772060371219	1.5479046874301932	-1.1021141922662432	-1.1087719609937046	0.6243899970549219	-1.7918302419588414	0.821413059134898	-0.12764517524950827	1.1503708609594274	-0.30153357342565706	2.011897751612052	-2.6881895243960923	-0.5284006756669195	-0.7990276296063213	-1.2435632623191732	0.5882999493094833	0.05634246169759529	-1.2361058922577528	1.1367893187747464	-1.1723035663931012	1.7720585701652196	-0.8424213047382193	0.009687126204572875	1.9800541227241963	-0.9246103899204376	3.204549876346054	0.7809177309963398	0.6484316681026664	2.0726245819577356	1.5112040239491837	-0.22737913656505185	0.054020917449652844	0.04269076254094273	-1.0086254003552997
RXFP1	Coupled	-	-	-	Relaxin family peptide receptors	classA	-0.5438801852278088	-4.7230358907412295	17.03929072465763	1.8098380965600191	-4.56514498532699	3.6493098347778905	11.600812091106748	4.9728137143623465	5.41118046908951	-2.7101711889898112	-2.0037724921944964	1.3604596855245632	-0.9172073910042049	1.4521294559678615	-0.5185900175078052	0.6432114322411725	-0.9681868457268653	-0.5882676239314053	-0.85486738070378	1.4551770169067124	0.3679843613285078	-1.6153538963229714	-0.6779399618466293	-1.1700136462555215	1.279329969785936	-0.11623179072569914	-2.170376390791638	1.0875090787361354	-1.737011396005263	1.0192344837787986	-0.3055198233192814	1.2687533917349922	0.5569426761941432	1.793532772325677	-1.6344109392949175	-0.7647294032221565	-1.3282806647196084	-0.5930882328495113	0.9857503499866194	-0.1681800622884109	-1.1602886794330745	1.6800364634661036	-1.6567068495437318	1.3066159990920585	-0.15973916706515895	-0.16201433527869483	1.4476149751070553	-1.570067566400091	2.4198003959411563	-0.46433300417989476	0.20448240274662702	1.8489326449285755	1.1890584854769566	0.02128697418813486	-0.040659155602299206	0.15646479165164157	-2.1508976431214637
RXFP2	Coupled	-	-	-	Relaxin family peptide receptors	classA	73.744248455406	0.31125170522844503	-8.204309645293293	-1.3145873249369187	8.24359213945999	2.0157818003841004	4.263868685799135	-5.288833686093465	1.2371764835419263	4.680803338179631	-0.8683343113961994	2.941016956025684	-2.1775203838941417	-0.07890956352208699	1.8233003383390665	-0.3862911723743346	0.30576066599941304	0.42930685332729396	1.1380625794025545	-0.27946647276225045	-0.0032518516819612583	0.571736019953944	-0.4374192473836293	-0.3196939092765663	0.7929742016254997	-1.3970645193022508	2.113447926165816	-0.44052262921538504	-0.6750937212980205	-0.012077073135496061	0.5904069958185755	1.6622918004341407	-0.7197066201996133	-0.07083861346939639	-1.735626180502568	0.1976852225758852	-0.04913357552139869	-0.891625413416876	-0.7838364840703799	0.07365668825023017	0.9547933593950234	1.4882149896003989	0.04821242177052084	0.4945228647374295	-0.5277899289660837	0.08545662522906976	-0.05904639525824184	-0.2748082470244547	0.6259381544591945	1.2504207382168442	0.5580057163789613	-0.683321820979452	0.5714565258791757	0.001359529306254627	-0.632660879120869	0.14538717600755685	-0.439356828564824
GPR149	-	-	-	-	NA	classA	84.05771710815411	6.465960505303538	-3.495408614485232	-4.84488884488912	-0.18491239655350877	6.289587966123287	2.868873288624906	-4.677646611839752	-3.592631485447183	-2.7784560412669874	-1.775003579699639	0.38638312703649297	-0.9285176336584097	0.5855451455545846	0.1885746568434109	-1.7606053361997112	1.8302567545326516	0.5023416481942071	0.2644032598310368	0.5141062116307716	1.6734995810784155	-2.1509167260725084	-1.3386323089994017	1.2709091074564816	-1.30813723822189	-0.9972755319442812	-0.09371159056528944	-0.725422967991308	-0.8190093123427465	0.4286948630026265	-0.6725306580341538	-2.6277736529097395	1.6881856194664595	-1.066179337723583	-1.2287674479855666	-0.8779365133791678	-1.6084055954994163	0.4947971914695535	-0.9330046602387657	-0.81021045157165	-0.0009257093902629497	-0.6200523748626368	-0.8183785345049539	-1.6222002502021688	-1.3258509386817052	0.2533471353308575	1.1490851216814255	0.7082896136802967	-0.4485901341437223	-0.0231969154422362	-0.2139986611327734	0.8604557816764002	0.4657607224329486	0.46078753297099445	0.5770475198748348	-0.4498714991176681	-1.6561729242229153
ADGRF2	-	-	-	-	NA	classB	45.30626772122636	-3.8296585815876076	1.1577398482752839	-2.6468838551562697	2.4237139542249624	-2.9516957653407214	-0.7817687528867421	-1.7276514735804827	2.2125625652345473	0.06648956796943928	0.28776066743855055	-0.6275477599676788	-1.1754820812139475	0.6832382264991671	0.1455315405960736	2.6830048266437614	-2.562246628366283	0.238148140629729	2.3749410229953045	-2.518736934310992	0.3001478154880663	0.8194291843487597	-2.410423004370994	1.297958231633777	-1.3624686437365057	-1.6801539710083369	0.35267152155712683	-0.7798995625971549	-0.34520981458062133	-1.003651765667713	0.8726980596093414	-0.8274323649967644	0.5154028244265202	0.9812061982731574	0.7514306742342233	-0.10359189566535468	-1.3076554556079503	-0.38017812669597834	0.26904277278162136	-0.24457594542789907	-0.0795287053620677	1.1860231102673533	-0.9970573531312884	0.696069715519496	-1.0737416569742413	0.09901953112623332	0.2230617934831495	-1.0662902410113304	-0.4975730287783116	0.6652575272608418	0.03446008289367371	-0.92931168523602	-1.4106668085684306	0.301123730143546	-0.9373730238434358	0.22043722444960723	0.5125231506990126
FZD6	Coupled	-	-	-	Class Frizzled GPCRs	Frizzeled	12.675272095000455	-4.055437214365757	8.999053504439253	0.3883526764849432	-3.2935664613023206	2.2265873685930906	7.268301743756987	1.375291288149692	2.9857622408864533	0.9612266646909736	-2.9226849110731754	-0.22798106969236054	0.18995058492997888	-2.3383707264107487	-1.7307527823143234	-0.5211602435889915	0.6875389150165121	-0.24738356007555534	-0.42339367135081296	-0.8647129273060283	0.8060601807598754	-1.1277148063366527	-0.9035892413434415	-0.9060984315944738	-0.6537222218869785	0.46948578189118456	0.9411233034302741	2.065468569635637	-0.9953136898450421	0.6646069663600878	0.024137507537005304	-1.2311798823447806	1.3988234114960685	-0.5871632805464126	-0.10950174919980722	0.6349285640031149	0.09594319898254094	1.9105141575774094	-0.05908965440687462	-1.0734917488801548	1.5802654637848057	0.8906634153008889	-0.7436827638391302	-0.9228387712298831	-0.565150392338192	0.18525842003771079	-1.0071668027576435	-1.3626131091349327	-1.8581290098130996	-0.9751793820639281	-1.7798642645508411	0.4083635039775332	0.4482923903455283	-0.5923735915802657	0.7135645010159946	0.3197359904404065	0.19393728647531563
LHCGR	Not-coupled	-	-	-	Glycoprotein hormone receptors	classA	65.17530694912877	3.6435914656004553	0.0729984592861775	-4.977856142289637	0.6183086392201411	5.319546717735729	1.7994222804549966	-2.6680530091813095	-1.8452744571459885	-4.133370460752782	1.3805777838526803	-0.34248407980647355	-1.0529976550703013	-0.113181341312093	-1.2607702520821935	-0.7299402358093845	1.5729462829658916	1.7338401468762548	-0.9198340583931203	-0.9959564367221052	3.499842639144644	-0.40667177414290656	-1.717834161724836	0.48643721657303785	-1.6223741582970532	0.01170517831991768	0.9030716219758651	0.16705744047448845	-0.22682963811144674	0.20085740721556392	0.6747410903807467	-2.514757334857873	1.4740187417258928	-0.4471121747543182	0.6360908121367679	-1.423862921254565	-1.0335563617792163	0.7600881619921823	-1.5064028091723107	-1.10549783358339	-0.25917649863796005	-0.6834519003444027	0.38719717313173585	-1.388323603178391	-0.6755499100119613	-0.898494366194575	0.42670153569107605	0.1537391111540286	-0.9318407510577673	-0.2757731285463807	1.1393749620927318	0.08615843576439884	1.0619880812809936	-0.3890505082879739	-0.03291827146905624	-0.42526961153563525	-0.7287308337730046
ADGRF4	-	-	-	-	NA	classB	16.514631225202262	-2.2122125751384556	6.859422315395236	-1.6478891737125998	-1.7204497597154285	3.5017985910196088	7.715967083218859	2.294455736287944	3.197807805001676	0.8436402141357723	-2.413735983129685	0.4652110904424173	-0.5050933020722492	-0.2138770901820053	-0.7419734648927807	-0.8192761836408369	-0.22332833810438496	1.0711736637717069	-0.10801310613413109	-0.9190577733899321	0.521694264096031	-0.3899585462994191	-0.32303934440669185	-0.08221272528961772	0.07666264869640114	0.1739005369360435	0.6810604111980437	0.32237339142942517	-0.2804256031584384	1.1107559628626806	0.14017148646148794	-2.325800489845578	0.5974258427833422	-0.7856946204932984	0.6302332992046465	0.3832899629459489	-0.18717766922473486	1.5559410882869464	-0.0169290978382757	-1.92811911950232	1.9243527166334544	-0.16279901856931894	0.973057601337383	-0.5211977342420169	-0.22951984950779394	-0.43770051530773196	-0.36845870986728846	-0.8306512007044418	-1.8842459036268397	-0.8202644095551322	-2.0351516621385537	-0.042355357156247095	0.982307235229839	-0.16052726726740416	0.5313652268984481	0.1093723091364943	0.06939261577763593
FSHR	Coupled	-	-	-	Glycoprotein hormone receptors	classA	35.46863466408147	-6.768562254226471	1.2551608927035196	0.23612052051185264	3.960191145344553	-1.1168066727493935	-2.334704147690233	1.531373013599055	3.4706547619288792	-6.885256160744479	-1.1119530979365504	0.2250370544426101	0.09432550122933411	-0.11140484817676621	-1.6363398254210078	5.115792532166959	-0.14459212745636638	1.997786994034145	5.156340806641727	1.703026872407913	-0.27180449200507284	1.383040168983353	-3.1377105999815624	-0.45373025532934463	0.5803530554700225	-0.6986087620840762	-0.16184959834900983	0.0007296548518636057	0.4076906471994293	1.175674820733605	-0.715455861931366	-0.14616694953311804	0.9155897747745046	1.1782403391898908	0.8051182109879019	0.5760970373720278	0.913810406136912	0.8169898002989056	0.8351149842362903	1.0111354711686114	-0.9050152359881596	0.9498374450114522	1.0678314141455312	0.03050742823265037	0.24265170824189775	-0.790863334507711	-0.3792807878035163	-0.19315010501377233	2.0228152794921495	-0.19210249931242854	-0.005781320477936276	-0.8186108390825557	0.38084425865204313	0.6689993243746	-0.46321968899708016	-0.7168243610760207	2.677523776032075
FZD8	Not-coupled	-	-	-	Class Frizzled GPCRs	Frizzeled	53.98498196740258	-0.5095974504297662	0.9934142598775711	3.5657953570527887	-4.38985912504025	-1.876078234790176	2.5789253853643532	-4.125760224629614	-3.6189920390720314	0.6502953584714258	1.306883214054814	-0.8759027666793429	-0.7052041544975048	-2.335866796876233	-0.7311905782574746	-0.8341143588169374	0.9565583368627049	1.511562867147101	-0.6612066595132223	-0.12451140215596497	2.3375657728667187	-0.06898802762022492	-0.5384686692702352	0.8120708498138104	-2.5364130664065834	1.7831489984214606	3.9528846487203735	0.24553704221137268	2.584886123973387	0.5486438217063991	0.23017446095394006	-0.6874692953932948	1.1215652455290206	1.172320271224888	2.917137110162444	-0.2761885873964614	-0.528219381284665	1.4221362466292573	-1.2380166889649202	-0.07640802464919629	0.18377337954686096	0.5998833727688537	1.4773189367682331	0.6768760761938596	0.6626695692402187	-1.5777884372691369	-0.39924937681851863	-0.8298083962632082	0.5540698792448349	0.1520517289296387	-0.781779707915394	0.13424100704626904	0.688102695817188	1.223585142199556	1.0411589013052969	-0.5480932764031933	-0.37396446705359154
ADGRG1	Not-coupled	-	-	-	Adhesion Class GPCRs	classB	36.81344792446555	0.37060330098199085	9.13264552814282	-2.296880539305084	-0.8342875569358293	3.94158483262076	2.8936110359615967	-1.583392065962105	-4.519530828461277	-4.773351239747954	6.392513431433842	1.6007578146525847	-1.241163063441393	1.195569213058442	1.7102621952390222	2.337371446375222	2.714597910853331	-1.4986443449783349	1.3435325198015695	1.3843098228407436	-1.062251080719061	-2.1777681905333695	-1.0173753741439904	-0.29279602195661947	2.796771587898812	0.027036154662696356	1.2946074694067926	-0.9056358558249112	-0.038212278357596954	-0.027146957912831175	-0.47320635020682583	-0.16104831004884043	0.21197132803162427	-0.45649181128153665	-1.9576106988770459	0.6928323415685782	-0.15437926095781326	1.0794465851474688	-0.29646031141352297	-0.9248401880452272	0.3025159794879834	1.211176339847423	-0.08697023805333091	-0.6617556169193186	0.1576044141630835	-0.052359777802924695	-0.25995125136359515	-0.3585072089159955	-0.7888795012047323	-0.964628329392678	0.7200293837362685	-0.2714383424969544	1.0274049694645813	-0.7752405298009104	0.9113981522583665	0.7467550480407589	0.3721509468636152
ADGRL4	-	-	-	-	NA	classB	43.51280670545807	-1.747764378054907	1.6712783267984268	-4.856963757739706	1.8243227353242206	-2.73085501501554	-1.2888676729987665	1.1832146816776397	3.4832471682475594	-0.9366867401462464	-0.6781580466583872	-0.4971569750915051	-0.8305437855438251	1.8634600556271745	0.3066891522915224	1.2501741932630293	-2.3964139907055255	0.42056466202063986	4.291640618105469	-1.2991551604435023	0.12398004180159093	-0.05915725379369384	-3.7600431391285705	1.9986011706051625	-0.2181492368226996	-0.886156334458247	0.7557783307291194	-0.5924383684242563	0.28690985507754196	-1.3191434605103154	0.2511764253942953	0.02639497679343939	-0.6109818053778164	1.8695777801740439	1.293809409777471	-0.6608867887761215	0.5351862223923997	-0.14376074692494856	-0.5722441080365062	0.03975623901116419	-0.8246528355252887	0.7757711186618853	0.47632711235045466	-0.12073255863711593	-0.7048853953923128	0.3281875852316208	0.6271427586356035	-1.1087142480991445	-0.3814559531947486	-0.3675511484630254	-0.5609917455588362	0.03720932180079174	-0.9413662683959769	0.5658925398493923	-0.5616378329902605	0.09758959155912753	-0.7169106084171976
FZD3	Not-coupled	-	-	-	Class Frizzled GPCRs	Frizzeled	24.07070065773148	-3.7479958920983276	9.348392477707868	3.100079699045031	-1.8009573056749568	0.2532339278335069	3.240608211237544	-4.1178083849424345	-5.881775919714537	-4.402640908706462	9.338784549046915	0.5333112657157417	-0.6189986015799741	-1.4518713322092636	1.7302837903555164	0.5440186656453027	1.4836616124664856	-1.4454608835862957	-0.21300601964463672	-0.6940650929731007	-0.5760830031168994	0.03934745958031578	0.1367460128541414	-0.3627224169031021	1.2386397806373906	-0.7822238509474169	0.34569343480003284	-0.49375900095628655	-0.7839100175193499	-0.6278384550681335	-0.9935008865999976	0.3518747899462896	-0.16701189367063074	0.08538415942242937	0.01363359670840229	0.5750109670055262	0.014018800404434047	-0.18963068586941062	-0.7157307123362845	-0.706994455219443	0.8325555301393045	0.11446258071431675	-0.4176905953975308	1.3364735357248636	0.4286892690813292	0.43473032342439694	-0.5734773648545249	-1.1093957404021138	0.8466691664219032	-1.6334628026739888	-0.2840412792009109	-0.29088903881484224	0.5191679354105464	-0.9461086528452154	0.08591670888713983	0.32897309822274656	-0.41350017698217173
ADGRE3	-	-	-	-	NA	classB	47.551910295077306	-3.8610856334558985	-0.4319285584007564	-0.12567103576819805	0.49603909109443034	-2.7702454663681557	-1.5575981563856554	-0.017323649312068805	1.5188505662376386	-4.929448931045975	-3.218383168072586	-0.7560158332022973	1.2482862002079502	-3.0119239758609218	-1.2961788896701887	2.8021003465809686	0.579168742135615	1.5963457339029026	3.02166810432497	-0.2683485941473467	1.1283207705611114	2.1964724853172495	-1.5695782205639335	0.3777312385339645	0.8030226935295535	0.3024414699987231	-0.5471914837990394	-0.25423640436567796	-0.08291909006862193	1.5879058691236705	-0.16795641455588015	0.03718534033186802	0.8900102589482651	0.5711282681275325	0.2733501979188527	-0.3547991547031769	1.3281070252407028	1.0512916538888377	0.3826224886447655	0.7924701009412213	0.2599140637510047	0.10620138255808353	-1.1943182087910462	-0.13288286335717314	0.10690712366160421	-1.0202869051080707	-0.6193362329251607	0.8836667376909018	0.9356252590599029	0.818881940428484	-0.23449362634887494	-0.07809096424433672	0.7784702681129338	-0.48175968952308035	-1.1002920158423914	0.2694877250626105	-0.3333561838769871
FZD1	Coupled	-	-	-	Class Frizzled GPCRs	Frizzeled	-5.699611446872588	-7.195309153769281	1.3464295503511137	1.5274143807696108	8.470940381098986	2.456882461463056	0.62475883117929	-3.383244373930943	4.376493277355074	0.10569774805192748	3.0415455983497433	1.516284195288588	0.9748931910071459	5.554952077049908	-0.055135614135820465	6.439001345790908	-2.820071321727502	-1.1650029919656855	1.8897792138089249	2.890840864221873	-1.9675528916425997	3.3878134340724793	0.5830844642962325	2.7419282557171742	-1.0512578314324652	1.6826130782314628	-0.03837661558910386	2.1462825252013054	-1.584506906227059	-3.8739422443199047	1.4333820497103316	-0.9948709430877403	1.0357670976082902	-1.4717494697053495	1.7356082670175221	-2.631626957821426	0.49322061889112584	0.23821925086899037	0.1740224013736985	-2.381946687730485	0.4342373215807009	0.10229324740683036	0.9011809130235074	1.1274554585933918	-2.0651549744778857	3.1315429950794993	-0.22418097248311233	0.6589740748136049	-1.0058166900578225	2.2629948007818173	-0.54417102061401	-0.05581582415812922	1.5216503977450286	2.396991449078462	0.09977988244818764	1.1133230299900945	-1.6280464262386316
GPR50	-	-	-	-	NA	classA	19.11957506148338	-6.360645939201879	-3.5310636776289415	1.5582766653184321	1.7455877708490986	-2.3478951289304733	1.4541786295322532	-5.684246115310764	1.4371327673245633	-1.4073993880933213	-3.0300637814580993	-3.149193607589664	-2.8797995327380774	-2.4687867239755246	-2.5711540063211946	1.29784860369092	1.0061667191189962	0.4683782423521217	2.316607146624699	1.4935476173141937	1.9175442293571463	3.159212161928499	1.6285638552569504	-1.1198502516307518	0.48418519777967084	2.3126794013843983	-3.651817689209687	2.3873108580371505	-0.8719092259132553	2.8430552349123706	-2.4115108106975267	2.307997817897246	1.30461040850867	0.06614540354871926	0.46756366962901486	-0.785650261123614	-0.8806491884601273	0.14908390843290234	0.5588255849259367	0.19441994716400698	3.178452014860103	-0.20318871935915414	3.3150038517067406	0.10248220528401296	0.17050064429018713	-2.501190640012104	0.08008680088583171	0.201685407258595	0.010386854838186889	-2.0713803479938147	0.5342123632437491	0.6161478091718676	1.0285512095105807	3.0002017293026397	-0.6220077466289589	0.6889635375298483	-1.3988061815866524
GPR37	Coupled	-	-	-	Class A Orphans	classA	49.627596813596845	-2.5978911657228703	-6.498279884083652	2.9023158519177317	6.437110027075441	0.6556440473408258	0.4042503420228576	-0.7895070298422947	3.1708579675194835	3.1692993689196984	-0.015700918484676894	3.6168992365310166	-0.4757932509868696	4.886524409360039	-0.708470337047591	0.631145225518316	0.33294254867645184	-1.755321521714231	2.1054110664542893	-1.1190422026761084	1.765785854524561	0.015866848309314164	0.3928996807598102	2.9119114599510287	2.6831006462956704	-1.0276621556901937	0.9210174623584308	-0.0708902822685962	-0.03279975828007501	0.9678054933726693	2.5008656625013166	2.078384390805127	0.06182045790725693	-1.1769363107293396	0.32183901368614487	0.9436741127460596	1.152505369368694	-0.11926071751840162	-2.122165808625813	1.1293196192234392	0.5803970142488666	1.3447901595620373	-0.1573606806071861	-0.3699587836899724	-0.25508053798445196	1.5658511353670452	1.4866142820226977	-1.0425426271820974	-0.7247957045315685	-1.3271147504965661	0.07824007829911875	-0.5659197252913999	1.300228259086103	0.4444313308146832	0.04006601590674213	1.09831140565947	-0.46431825932736365
GPR153	-	-	-	-	NA	classA	48.77961521606991	-2.965227011051663	2.960049328222649	1.4166910065876082	-1.1345802363234074	-6.522422840434568	0.2036687616748723	-5.130219066342172	-0.17442235351145022	2.0941335003774944	0.6412613144597612	-1.167314151014599	3.078699603776975	-2.9167711768039193	-0.9183780320669086	0.9323561662872297	3.162568337781787	0.9547812066354244	-5.003994305319064	-0.5680149694017393	0.03969181139007433	2.2095929650649992	0.5487606150871623	-1.1659095655708127	0.025937812134599163	0.324158423200759	5.615083140907711	0.10166844987209023	-1.9393379630240768	0.985232709925925	0.49356826021249883	-0.7636097873798255	-0.651892673302478	0.5448302867840797	0.6783431014984418	1.0490856686878853	0.15483762931072248	3.655412657258125	0.6634234271565033	-0.2979224411239974	0.644765852858594	0.5521562433554504	0.9415683585480037	2.6806096474579824	0.31888462175146604	-0.7369535247555579	0.10799847620857475	-1.4171202548443003	2.748123940033913	0.10476446121933713	0.15589672007695185	-1.5899790629434079	-1.7629862662004987	0.8835723364408921	1.0746282811869023	-0.969866316604992	-1.372010120637233
GPR107	-	-	-	-	NA	Other	27.169515312644126	-6.087445305885622	3.7008917714793186	0.5479743104489722	0.7854536596089722	-6.859172697065814	-1.30051204436929	-1.2219374814097759	1.1851895074613057	-1.831049779372124	-0.2118281779457153	-0.28370167827872156	0.5084717576147129	1.7803160862485048	-1.5757148545609312	-0.03910115356876723	-1.435443635275264	0.22749691401681396	-1.77625683990835	-0.8410306120089827	0.346210726035414	0.6250767413556194	0.4309087242011871	1.1040163558855411	0.9186795547021266	-0.40534098749467007	0.24511883426772316	-0.2218423015292072	0.43047786458559245	-0.21206623358240265	0.20983261282796245	-0.18357372143631503	0.38456205120477754	-0.2748939840855333	-0.5919912865909348	0.371256884965804	1.5861198003977877	-0.5334361805637456	0.35941443887963814	-0.27347652120507754	0.5178452535101282	0.16733298964509916	0.6983965639811772	-0.3068579633693821	1.3089184503844402	0.7862457682550371	0.1408596082007193	-1.5258197217903444	0.028385577802315102	-0.5347953199124941	-0.8716083719793795	-0.11098736334440516	0.25964123457780247	0.06419689398872062	0.17380338153383612	-0.17776152042003132	0.8462421385413416
PTH1R	Not-coupled	-	Coupled	-	Parathyroid hormone receptors	classB	42.58833885143867	-4.255703605282561	-0.6305395521453692	1.327765073850373	-1.63663025834336	-4.211341851099438	-1.947477992177264	0.2002545243435247	0.42177222831326894	-3.7926523612878102	-3.43943684033816	-2.2748583188323592	-0.29740243756709833	-2.3026926704837063	-2.3151553328381365	2.299803602208821	-0.6178961264959678	0.6576156418380289	3.085474582931382	-2.1447216928187824	0.927297184456714	0.7727029226072857	-1.1187787153178221	0.39264926871764333	-1.0254028743622354	-0.7148705478279251	-0.04282516065118862	0.11521371372512067	-0.20287449395120008	0.3010932626121721	-0.8444458198227769	-1.1730969789386612	1.2241950592491704	0.1968918229626564	-0.4639537241416888	1.430524282776755	0.6681728754352309	-0.5903306197658851	-0.8579950206751413	1.0442367122334688	0.9659392868135647	-0.6812385598335701	-0.37074624758384156	0.3017419569458011	-0.12649046835530892	-0.19595962079731255	1.2998425332519363	0.6266277472393049	0.10895981547060571	0.4577941119816984	0.6823332860799798	0.4314093572668315	-0.25192337547793325	-1.2771200305720605	-0.2628867325996023	0.21682076403049114	-0.817476081189922
FZD9	Coupled	-	-	-	Class Frizzled GPCRs	Frizzeled	-0.488133423180157	-7.074861892014364	-0.26952662962107027	-3.6199167304080917	9.442249038102403	1.691884988637304	1.5172605136972788	-1.8690608670536517	0.7664631148429806	0.004255335839173896	0.07775196542986579	-1.2268342730403226	-0.8002630155037301	0.2681721846372902	2.1588934977475214	-1.3037569662644672	-1.4633163672654665	2.073025940492923	-0.8411414477376085	0.6113589563322391	0.13146815374752233	-2.0567595138484913	-0.7516683080958476	-0.9469072745068245	-0.33300533020631834	-0.8830201101750992	0.3939510375268392	0.8941573105911299	0.8359336131310502	-0.10256842665069042	0.19066319874483573	-0.3422235392660809	-0.4211332980390865	-1.6868955188815176	-1.8988490808098077	-0.5531527059316665	1.6879180954496842	-0.080494537001804	-0.945655884755313	0.9725561412668773	2.0537992594449723	0.19052490477095468	1.1268181592644306	0.3875157135730195	0.02755582567692223	0.41164558171956395	-1.737497664034765	-0.18221706442796573	-0.32913422154669697	1.1747312625547979	0.6568874688759017	0.09719008601232615	-0.9472724622817834	0.14159454477259842	-0.3138779659761673	-0.2907377375085166	-0.7742631006909118
CHRM3	Not-coupled	-	Coupled	-	Acetylcholine receptors (muscarinic)	classA	49.745390871806116	-1.949619910190586	-6.646669014825037	1.620512993713152	6.461637668648614	-0.7843984699472405	0.6581349990913378	-1.6050258180726793	3.5085748080058874	3.8487236289200895	-0.8031137308391099	1.3707330809588756	-0.683543289945949	0.4555348613919848	-0.7176412090169967	-0.3674534423773788	1.5115852444394087	-0.7651595244743179	1.1339890694307024	-0.035753560984311636	0.011424436011491144	-0.3558026704870429	-0.4162298862756648	1.7542604494830982	4.218641913488414	-1.5398756154262128	0.6371032378069754	0.18440335277599115	0.5498863955362212	1.6687363150933394	2.67370418684919	0.721600509930989	0.018195875506249782	-0.8102784448925018	0.17786851651122515	1.130415133319244	1.8270878885413413	-1.4410939923188328	-1.7369449066106362	0.9210273095373545	1.0095269784413452	0.6206792301761797	0.9074352490947838	-1.4584166524536886	-0.3986896992414398	0.6206684358460062	1.7719636629208504	-0.47253973047271575	0.21762452915580188	-0.2568269541599125	0.3822935750937256	-0.1005974986306063	0.46197098980433415	-0.21779600183310607	0.6030967538000904	0.6828119833058361	0.48884479513816526
GPR162	-	-	-	-	NA	classA	31.40575878930916	-5.799565491485855	3.2206346939661965	0.5524930699103666	-1.738641780079008	-3.7628413693943057	-2.4055481119950457	1.8411457885206008	1.440852419477079	-3.502656606376221	0.026038986528898765	-2.4639864121389707	0.28668738657693055	-2.509845585922572	-1.7319740437267408	2.196492754559344	-0.6841624291963526	0.6683335936874663	3.957495027976787	-1.1340867801696342	-0.06571514400436884	-0.024941330050712106	-2.4453052000597806	0.4869894704021361	-0.6823972306405021	-0.556021578074261	-0.7031867281323672	0.23590380108847717	0.3339336245181338	-0.4847275696071029	-1.2477081183461352	-0.33272318276695706	0.9725966090095576	0.672694490461726	0.3071982621149184	1.1898424493270192	0.8146533964059737	0.5564521022360255	1.2992581412301747	-0.2939344285317522	-0.19134041227376913	0.4388190483931115	-0.39175165475550616	0.1750027962881071	0.04037675985563437	0.5846469358201001	1.8777583342578041	-0.2309945006980328	0.4688248433028637	0.5541468318746838	-0.4165177220344717	0.10789237138949281	-0.5751843872721413	0.04701741499103642	-0.34162191806602243	0.09545436557243339	0.5621312313517619
FZD5	Not-coupled	-	-	-	Class Frizzled GPCRs	Frizzeled	44.12764172633368	-1.5499719663918887	0.4036406554071315	-3.4456750700870105	0.44194006390629437	-2.684349760619994	-1.6023833338262485	0.5864817672262539	1.893532871569289	-4.070063754701973	-1.6226407091059891	-0.9060613498220375	-0.3942533683042473	-1.8452151388193252	-1.328328740280314	1.5845775173256327	-1.8761982052584187	1.7003717528460678	2.5320117591433697	-1.6167300901267643	-0.1011397545622542	0.38097698977218813	-2.148702140206883	1.0172999212787852	-1.6062672900000083	-0.8047853281662142	-1.140273996242399	-0.40954762189762056	-0.7911479650667492	-0.23526048123492607	0.13402250328732668	-0.8178435965922715	0.5063724089615176	0.650077844804135	0.6458371723657135	0.515577891947015	1.3389538817833795	-0.6326971465432408	-0.38182860917299305	-0.5001303291079953	0.4054790488613321	-0.40460849979679125	-0.5262605078981794	0.7807517560599946	-0.07595653849333692	-0.33312870332277267	0.7843107808011163	0.6982326469293431	0.18573314078340303	0.11831773819478064	0.14460672501689717	0.04925285755517331	-0.0474681613889173	-1.6470776144695376	-0.48268807959652665	-0.6838386730654568	-0.09010507333385846
FZD10	Not-coupled	-	-	-	Class Frizzled GPCRs	Frizzeled	44.58354754791223	-2.8036054246891786	0.8218413525439167	-0.3999443600047797	-1.9298257310059206	-4.266425374792081	-1.7260288431182589	0.8611493347642734	1.036265025391991	-3.4867755554592814	-2.9892372126304796	-1.626062103710612	1.3864329768379753	-3.36970799863743	-0.7813625816414785	2.7387284049043594	-0.42668043352889234	1.010682807653641	3.4812005487852744	-1.7472116784438887	0.9989986005433673	0.5567409976739345	-2.095905142769404	1.3794862064359812	0.4321264186618138	-0.03356795786430321	0.056251107824595026	-0.46915554328276227	1.0263994355100403	0.06206835326723005	-0.7511054853063145	0.48410815514367916	0.3920871663283283	1.03720489939584	0.257046001092141	-0.44126511674264635	0.9174071031480856	0.5092622215109716	0.1136508121372326	-0.49678552229629425	0.0630359040764739	1.123465937851669	-0.978538049713236	-0.08632102684559653	0.8272404579284367	-0.35874929901370467	0.10115102072283823	0.09192426098284387	0.2636797817799758	0.692457901809474	-0.10541885216077901	-0.3586500115053008	0.06302029094571229	-0.8324560542671906	-0.06587416914954507	0.4533592899285924	-0.49685734985196445
FZD7	Coupled	-	-	-	Class Frizzled GPCRs	Frizzeled	2.6239194285476195	-8.288109290530072	-4.176827414159106	2.3142212210940634	7.487233127243053	3.7334686843152824	0.03605208715217925	-0.8257241931023038	-1.0922768419992706	-2.3947626440647576	-2.105274299908195	0.6432626357877399	0.5935940221625655	5.104804379564036	-1.8042216771027768	1.2018128522070597	1.8363018948005785	0.04953726853135483	-0.15224444108805232	0.8189820907304012	-1.2433293556154819	0.18480605858071364	-1.5978448524636195	-0.14567536060432493	0.36676202722460327	0.34647338996600874	-1.1584963526770766	1.3913946719929446	-1.4241143212588305	2.718927953072471	-0.39102529571498384	0.22630932044511112	0.7976136708778991	0.5979015410368522	1.424995458055733	0.5095561862296174	-0.7813553847956803	-0.3856738222016813	1.5860834859182165	1.3885615335404657	1.0414523978466288	2.0930050994740546	0.42564908577662713	-0.6185163786769261	-0.5685000748041251	1.4988462547478445	-1.4694936530759957	0.3872142619487455	-0.8217824018797544	-0.5322233307211831	0.9060322371366496	-1.7690581679486337	-0.3129405976418637	-0.20096019566090487	0.4443730220334265	-0.9528484480088434	0.685870032099964
ADRA1D	Not-coupled	-	-	-	Adrenoceptors	classA	43.532133222352776	-2.5513080529233556	0.9822232914077078	-0.8782061485232002	-1.7642629605010822	-4.523312320670409	-1.7470547391984232	0.983942918950157	1.3547666397756706	-3.8250554136765857	-2.9588153392873946	-1.915740719548772	0.3778260270730173	-3.4424140696065297	-0.9881704456856686	2.607891217964477	-0.9837997327168089	1.1167145197430177	2.9580148768008128	-1.7671768433294641	1.0044652912657117	1.2848095670390975	-2.1246971761756446	1.8948806064129204	0.33179097264778024	-0.6047142714859619	0.16111956673113104	0.11522299854192612	0.6058164935110022	0.24054305731044687	-0.9939126789353557	0.2804524655124963	1.2957659521849842	1.1164852493685122	0.5251398578265685	-0.13336733155602967	0.955031921922513	0.8479083804278695	0.1236494153152613	-0.01256961486557925	-0.31092350480603226	0.6322595747421208	-1.0508124299514037	0.5920764619174148	0.8306421195251881	-0.35908822370750254	0.32704856720252357	0.7547423258806776	0.2512131325196715	0.5908948948670407	-0.5139946237892352	-0.5305799890600448	0.16197049519018958	-0.5553714630094467	0.01149279358317224	0.6684437593680288	-0.17852842746746528
FZD2	Coupled	-	-	-	Class Frizzled GPCRs	Frizzeled	37.322590986147965	-7.248369588156329	-3.0667306264365095	3.7161618596112964	5.898380126954221	-4.338687224992045	0.3605157146977942	-0.7897874482461272	3.7925334302974094	4.303150519654328	2.3667664620915545	-0.26748188372522175	-0.08940269605838987	0.9770637605988769	-2.2665557011376456	2.6737865756504346	-1.3052135386677977	-3.566131686657939	3.504440527979561	-2.6503768434752684	-0.11881282963465858	-0.5597966387555878	3.388532663077881	1.0341238108945847	0.7837762214789692	1.1032175583814101	0.17202752513592842	-0.07920875117252134	2.7125964164280867	-1.824795222583324	-1.1310929856230296	1.18713627824709	0.8892662649574455	1.3085419717860753	-1.4959628575839325	-1.2833142913910633	-0.09319735970513937	-0.23058777092670668	-0.9936638636463786	-1.6334387672269646	2.3176135938241647	-1.2219640338581466	1.2116675690009306	0.20651843484267607	2.0000788433174614	-0.17440261196183582	-1.1089054120504636	-0.7054526141534512	1.0547179797385398	-0.5696497176600405	1.1033868840486551	1.4851829544667126	1.2983004580280861	-1.8512825318109682	1.978366849351857	0.21832935902995892	0.6308626676478031
ADGRA1	Not-coupled	-	-	-	Adhesion Class GPCRs	classB	36.54591646941172	-1.845499687564517	0.4470905907337901	1.8503128253322882	-2.2979890462952337	-8.512448404076098	0.2646738977675612	-1.6042976185881297	-0.9006461108149795	-0.14950530970128065	-0.9773135154793784	-0.7421080451875887	-3.0647448691669466	2.0693196445832047	0.31294096735632815	-1.1852057641426659	-0.6059587566886102	-0.2804189684807682	-1.2468739455686382	0.1973984734975228	-1.0558768471430067	-0.07501368782441875	0.006558869668698029	-0.9247533864424773	0.06355031791297579	1.0426999651553903	-0.3122160555492358	0.048298984684702465	-1.2394112937547936	0.9142433821831716	0.7489691157910259	0.4948355694430585	0.7380096329788091	0.4344686988627212	-0.511909293410777	-1.570352117080062	-0.6713684550120561	-1.717382754404726	0.4031978156060512	1.6221285413501116	0.8712171939465467	-0.6327757540628076	0.39710107302807224	-1.0375552618382875	-0.8136659935919832	-0.3330588968827076	-1.0641890043151176	0.12851073105656272	-0.1383185230126881	0.14987302020049428	-0.0659632053735437	0.7410463265966095	0.3377498031996213	0.6066703512829723	-0.09772343999142548	0.11069044939909906	-0.3117119832604499
GLP2R	Not-coupled	-	Coupled	-	Glucagon receptor family	classB	34.830677059020694	-2.9426481269516604	4.025421951119433	-1.3590394350667252	0.13144686508569084	-7.248945353819117	-0.852971880841365	-1.9048377575302806	-0.5081673703246914	-1.019759187002288	-0.566935294221341	-0.5634150287076238	0.5875471655260331	2.0916829473999594	-0.4852467236780711	-0.44126485282243955	-3.4649263912218116	-1.5217156180075904	-2.2223648307601462	-1.4372117801470865	-1.2399445567400966	0.6784758517660111	-0.7013086155878469	0.7813065554736296	-0.564340448279209	-1.4008458940674364	0.7986694528165614	-0.0520644664060411	-0.2944700840876069	0.2217109234773926	-0.05258709520549432	-0.8891349673956567	-0.3977149119066963	-0.33026090721943935	-0.27041495694405365	1.2459470055301824	-0.5534420710733734	-0.5063052890820886	0.8592639743098637	-0.4095852380842078	0.9629840201800401	0.5151140816678312	-0.503455430315693	0.18564213577535366	0.06717661203980549	0.04035418625128813	0.4452516024622852	-0.6025777212654317	-0.5637746806184535	-0.7964046170897157	-0.6393729992465721	0.38325557846235925	-0.40374082264404126	0.09029788618688123	0.33013374113651434	-0.6343580079583648	1.0721142701961202
PTH2R	-	-	-	-	NA	classB	51.89241033514039	-0.005296105393968309	0.6683279165135347	1.069604017049978	-2.141108557087298	-2.0202294747406535	0.4460875874077322	-3.3996194490249327	-3.3911723153304574	-0.9252481277802331	-0.7856106115781275	-1.22966278744115	2.0475119461143416	-2.7923840049070225	-1.9612959027121633	-0.11256333102782255	1.4250226874506127	-0.27992451630044407	-2.3876912550056084	-0.7154202145419293	0.6296434700865993	-1.143921555718268	-0.8073286428862408	-0.7084491726315612	-1.4106925258230973	0.8876393179750665	1.272944857234455	0.6772203463561319	1.934456192237013	-1.3809429921144232	1.9485306438229226	-0.7781290580671539	-0.06647729170854039	0.6949586644892065	0.5300431587578118	1.8555121048753127	-0.1911486908204827	1.0298196710198637	-0.16932258355764007	-0.3182488366852062	-0.7638110024968326	1.2252695405618912	-0.2592330050615687	0.8794308400307254	-0.563033288155224	0.316049775620063	-0.7141276082295209	-1.115142611156189	0.8377023780020352	-1.0286525010237542	-0.5620227338153407	-1.0986067296984154	0.6682224739440813	1.7487949850221178	1.6188046122585364	-0.4689997889460571	0.17209627325758775
ADGRG3	Coupled	-	-	-	Adhesion Class GPCRs	classB	17.260575116254856	-0.6518725908953923	-2.81338193650695	-2.0334076668223338	7.238847872463261	2.284669832322694	3.5839921047013523	-1.5418986159478973	1.0337778444887986	0.8193267683651463	2.4550788600137907	0.7510211371875943	-3.2809508470925506	0.9397441188197583	-2.5427396958263624	-1.9384172428474549	-2.5062045040694176	-1.5629733189588122	1.8438624138487913	0.8983844769612127	-2.1881682999258536	1.566723833857029	-1.0247741370445236	-2.756944015949879	-2.413905401814127	0.2056366162991155	0.313279827408292	-0.47264831781653893	0.8767521605547982	-1.0736355701213312	-2.3169562709553913	0.9358437815326093	-0.6392959156807477	1.1542226453834559	1.5293177651566756	0.8050891234210713	1.70412932682495	0.3149974563030221	0.52981884998499	-0.024651030892263295	-0.058356161301209145	-1.2736509307123967	-0.14327749071144869	-0.4498804785001702	1.6103108784274631	0.10193697316546091	-0.5824790905911339	1.0114516006594787	2.569411298265861	1.075850326898076	-1.2260236952440813	1.0720436947711969	0.8425074735457091	-0.24025318825050163	0.024091550869508024	-0.9802813270394994	-0.05094233459567995
GPR75	Not-coupled	-	-	-	Class A Orphans	classA	46.090036410241815	-1.3869142283308038	1.9832033066524757	-2.3486882078318834	-1.127543401819387	-4.574053526225111	-1.3375965307919033	0.03683951420250473	0.42093049994913884	-3.5151499717469252	-1.7138188024981673	-1.6926258172645876	1.4857146585176841	-2.964494511014525	-1.4850765311721568	1.6542588243295335	-0.414779759450913	1.7140502517120877	1.9778908084988924	-2.2043531647229693	0.3336395677585021	1.5684748582225856	-1.170313611764069	0.5217767451272183	-0.6984668998662341	-0.6685301045388768	-0.8035268380886631	1.1872588667432311	-1.1756559810745113	-0.38956327069214447	0.4917641616680662	-0.7151413085258319	0.7235813625269855	-0.42685334990037477	0.7410163026700625	0.2498477039738465	1.1905961269357321	-0.24163203653522683	-0.14732817055007016	0.11233904145358141	0.08372824407757673	0.06241096360921887	-0.9632070282582994	0.2879071296105194	-0.46895055921547446	-0.46594018219224403	1.2967518505018816	1.3518605339132175	0.6123615370833847	0.18696965839696814	0.2862163103156927	0.08370938103372401	-0.4438323156541303	-0.5474467719887521	0.05521866489887787	-0.5997533839257573	0.6053019456754627
FZD4	Not-coupled	-	-	-	Class Frizzled GPCRs	Frizzeled	4.814902490643393	-5.923016865816582	-1.8882485005712002	-1.5512724535486395	7.909586051703257	0.6759293792219013	1.548628126763333	-2.7636119994752226	-0.04160779263417059	2.1415241744845654	-0.5581539257731069	-0.7800345033479574	-1.0181603978578093	-1.079732763052433	2.411979125930178	1.5091337762283266	-1.4898230958530074	1.4785547010151934	-1.4717589444556278	0.039093208783076164	1.784511316174498	-1.9846530717475679	-0.4119182275252907	-0.6697630270752796	-0.2380806199825054	-1.2863135124828957	-0.8028381873368943	0.602707850070778	0.38633771879143486	-0.4546129966520285	-0.20146584051593966	-0.8235215321607596	1.3636322223011619	-1.9330644131647283	-2.293208322922657	0.42863708961467223	1.3441567324539478	-0.9651488248746516	-0.5534238023077057	-0.7187719119025412	0.8197160372277151	-1.1652691119038452	0.06615873888425132	1.1475717971680262	0.12061050666695035	-0.16049234398813367	-0.8553047659627926	0.610587066798127	-0.349973873366567	1.216135760786073	-0.6193642754545584	0.3962612387440889	-0.8869180697351321	-0.3029422231874256	0.17121705030494133	0.07948244104589251	-0.12410058563098003
CHRM5	Not-coupled	-	-	-	Acetylcholine receptors (muscarinic)	classA	25.51315281659411	-0.9096350161116922	-3.5495089588353794	-2.5276632350080273	5.80148361104281	0.5166067695991089	0.9448546291923725	-0.6632781388991252	-0.0759789248323686	1.7093167118008719	-0.45066147132035805	1.966370505142994	0.6451087466101662	1.8595122249286546	0.7242966731097205	-1.1305893672542464	0.0784925497826956	-0.9796294993494493	0.13701829398157242	-0.20006177692711394	-1.264195518049859	-0.7210304162840073	-2.1188885686457954	0.3513204399352755	1.7731355337505208	-1.9846738136902922	0.9021372749847242	-0.025656921197758056	-0.6701870755097168	2.3938336383596805	-0.06919216173744083	-0.33100994700567843	-1.161950592057781	-0.4365241425957153	1.2345687899598703	0.549169340283275	0.9185735626448085	-1.0981587539412911	-0.16713373712406834	0.046658629149532393	0.8580952254352591	0.2190560626227482	0.7258032057063297	0.22711617470757522	-0.8119769229704579	0.8869533636894068	-0.1794463334206041	-0.18073997175521161	-0.06114792615638663	-1.4029355495415594	-0.450388772981439	-0.45283931147367373	-0.39936490732181273	-0.09047423326406295	-0.568097353987607	0.09399687362549801	-0.4752869965797191
GPR161	-	-	-	-	NA	classA	54.88487177180851	1.8705869468092962	-0.23557562217851957	2.2072107977979845	-4.260676019571468	-1.4972176050196035	2.5148530214558096	-2.27843265153656	-3.9614659644077883	-1.6723537645462778	0.3353958128615954	-1.0487806487168847	0.37201225853188646	-1.4882940456340252	-1.2687484988882107	-0.668950490142668	0.2347324818795616	1.0263250973537075	-1.4224288035423445	-0.7263771096401658	1.663152897456666	-1.000501562669501	-0.21785796975406008	-0.41043236188631904	-1.7623847742391068	1.723075278999163	2.8569872416529307	-0.4083298809056315	0.6560700826382562	-1.7628502451107002	1.4543121858192103	0.27022850397354875	0.7442678931286201	-1.003060362771738	1.8623775722217562	-0.5393483320450044	0.07432892574128107	0.2149726204159639	-2.830768485844507	0.402701393097091	0.19908419448881742	0.07402528202737275	1.034142097966875	0.7303923162152862	-0.3745374716283257	1.5327494284934182	-0.9813289934474603	0.790940289168302	1.7645324425655822	-0.21662849080864702	0.40251040650365943	1.0657674705609772	1.4828433849689793	0.7600755104065037	0.419381694216918	0.16267223821462665	1.1921837689102994
ADGRG5	-	-	-	-	NA	classB	-0.8398723563953244	-4.86834005009932	0.7995796852677637	-2.1095675794983846	2.3826726827856373	-2.7563146684404956	-0.327600537574316	-2.0788487922090506	-2.13721454262394	1.1329450997527535	-2.619920751678971	-3.3182952031345514	-0.21906760983902646	-0.031328865701584774	-0.3741371735597569	-1.6479948526140442	0.5544240106626149	-0.9400892619993961	0.15232756342207976	0.2201176770236505	2.5919529159830055	-0.5864145561626047	-1.0552709065321406	-0.23617609214145308	1.831191508905835	2.73908026151666	-0.25140565891431893	2.2742220127607555	-1.6182976207145345	-0.3876476603465906	-0.7952782616258648	0.82527679788465	-0.05545274301084751	-0.5741512324829037	0.3451340279381745	-1.642599564020531	-2.08990427330288	-0.522353289606658	0.5461545464423877	1.610054077055751	0.19212711402335478	-0.123204202786349	1.1365977732411294	0.752403440560661	-1.057378058168564	-0.2912744790848299	-0.9701345204100951	1.3429309074703446	0.18234626408114035	-0.4716941069349025	-0.7906869286978133	0.3631466408897406	1.8823282686287341	0.9343486529006532	0.3159658819544366	-0.34896747444391185	-1.7342681970308118
NPFFR2	Coupled	-	Coupled	-	Neuropeptide FF/neuropeptide AF receptors	classA	-7.562369115907213	-8.37452227527895	-1.0391595696362073	1.362871023221997	6.415325271005293	0.21623456958142068	0.4940403052663619	-1.0953360758417277	-0.9570974742520698	2.498721833698656	-0.6524977864222496	-0.41574519545977795	0.6233343014795519	1.118188416716987	-1.148729211400964	0.4181567800651201	0.7040659796812652	-1.2569916825952843	0.11629453181261454	-1.3769117586777653	-1.207431265944728	-0.8852249594892755	-1.47759152994356	-0.014681449403012057	-0.23423981507018043	0.9266897570664661	-0.9169186162622774	1.3392220247366178	-0.3917357187493744	-0.051204295773743	0.3574261545906386	0.04659674899300642	-1.0297538171819065	0.8090108637402101	0.36709910428224773	0.06368355739810222	0.41201696968722973	0.6622397208095788	0.8615000339240612	0.269068108373216	1.620547455639744	0.8077884274508557	0.19452063765302027	-0.7874762818869986	-0.2895179949119804	1.2433742950105984	1.2656238342283155	0.21031029314130584	0.4438683338312217	-0.2222236229253114	0.3916388975453147	0.04160212608311037	0.5740672170131338	-0.3987844087390444	0.38060501726531787	-0.0025714166082709436	1.1974649033104319
ADRA1B	Not-coupled	-	-	-	Adrenoceptors	classA	17.132272501361996	-1.1388559954036719	-2.8923396916200628	-2.5557156696139227	4.648925368492492	0.5954799182360762	2.657783786198509	-4.38445408432112	0.2766542070333151	1.6880377109636642	0.18769548215738446	1.9861477123160283	-1.4781705388559114	1.7631817064448958	-0.6037779899449727	-2.147478336482293	-0.6046068562890548	-1.3928054719492107	-0.4455161078002866	-0.2094532347900374	0.36674559220993697	1.4879275036689925	-0.04254332193722406	0.020906836035518014	-1.5861252776973414	-1.1408609281149666	0.9995669905604192	-1.3034106978914501	-2.7455752135529736	1.1730572032972713	-0.9979462999746677	2.3893386505205623	-0.33065162106935875	-0.4916628964372299	0.3460931580564922	-0.33425607940723023	1.5939311553143718	-0.828175762195463	1.0240620346880176	-0.5281659991879288	0.06650712057651494	0.23824549149094737	-1.1627557729380211	-0.3463066817551408	-0.7472178454486318	0.37186440557231243	1.749218554714485	0.7006251127761128	-0.4790435564530165	-1.3695659532441231	0.5403554709324647	-0.5370219245195095	-0.9569940807788508	-1.0914456037262543	0.24076640156719684	0.27586643841936326	-0.11060778585344393
GPR176	-	-	-	-	NA	classA	-5.169790372389136	-7.017024390981191	2.053910590095376	-0.22940223642789995	8.289482183600935	0.5664243206848324	1.1158146651880083	-0.6136827392413412	0.6863546173814501	-0.40417751987247175	1.4752843317334259	4.451857145911446	-0.5501472971771789	1.2092471789055366	2.2239790633514342	1.6893758009474817	-2.433062486029873	4.2026465538181395	-0.9717098490489627	2.2561814114786762	-0.5898205566235857	2.721454482569085	-0.14802196095341882	1.1421660242514058	-1.640447957802095	1.5478645186441637	0.5304550092431943	-0.6624492912620314	-0.6998674250714964	2.488962287018992	-0.48939065127378534	-1.1371128013560352	-1.9530897583019917	0.13085394579594634	-0.5664201863960793	0.047098122147351255	-1.2522088703208067	-2.235012089036128	0.2729490903305248	-1.4979403685692578	0.21874832702677788	-0.18973186639591633	-0.7322791488426799	1.0238063438414515	0.7846162295314233	-0.3089557339759302	-0.7516922350113929	-1.4479135738104385	0.5567331852362265	0.5582542814898749	-0.8158131668838454	0.7623806219694688	0.010973417265822459	-0.9729333762379028	2.723494353905709	0.20178165967926479	1.2108838687869317
GPR101	Not-coupled	-	-	-	Class A Orphans	classA	0.3144448168363067	-5.505843245203201	-6.367132108639938	4.296769456976647	2.9179914543240537	2.816427417631646	-0.5648600195453641	-0.5211424082232213	-0.9160779940502617	-1.1639569801755818	-0.9393470958465341	-1.0550070209699287	-0.9218944172343799	1.0733429259371619	-2.782221549704637	-1.4681887941907332	1.4057153393462514	-0.6876810863255728	1.3067417799743155	2.0099246379487665	1.0878924051635412	1.075929746376614	-0.9746763960772354	-1.0346116638059488	1.188364448939717	1.1136876461256455	-0.39800094361279276	-0.30667439772026245	-1.892990848398671	0.038818809494399566	0.9378766868819912	0.426469110785974	0.04613973812052992	0.9750583360294349	1.3347614437521886	0.048203907962278664	0.293546396714326	-0.3809455104909138	0.65145524532133	0.8132593386548959	-1.0294199169614369	0.4731490919932899	-0.11902102005816678	-0.7035090916607598	-0.9712376959474769	2.039706319350825	-2.303027937326646	0.018830890491246057	2.039124985837319	-0.015443483733574981	0.5587517925868807	0.820271746834918	-0.034593481846351484	0.531039558966351	0.07907367810604116	-1.0453134636866088	-0.25084621456812406
GPR135	-	-	-	-	NA	classA	3.2184031075012554	-4.084227204837484	-3.7382223932508287	0.16382008158885436	3.811722315725209	1.2738996426506943	2.0271151862801227	-2.4604102143692117	2.7175113128135115	3.307511559804996	2.632009810686855	-1.3653190343103867	-1.3930642619250395	-1.0794203514963316	-2.2429857973559013	-1.11617108189223	-1.7368311980684792	-2.288046913562121	0.10707746830777505	-0.24211968485755986	-2.0327765543500362	2.349039186572299	-1.2941710360302565	1.4624899358992163	-0.16584944639658633	-0.37954741134346043	1.2651823120896624	-0.6018592016712209	0.921244645853783	0.4815484765522069	-1.584028602700398	0.8474142838603832	-2.371869713536531	-1.5228571695938007	-1.4602267326752079	0.3322546153578801	-0.02816450522264101	1.177824186899534	-0.1455398868658956	-0.7829708618288033	-0.47051827829700227	1.292077719356225	0.14589728100938182	-0.22268443970117932	-1.93686149536495	0.8233668189541303	0.31228300489186195	-0.7673435071735287	0.7651061528108114	-1.5980473027515743	-0.06037826506390275	-0.9464595211992918	-0.6313734190994951	-0.5233075485427899	0.3331064553599558	0.6379772411056326	-0.44570898533184006
PTGER4	Coupled	-	Not-coupled	-	Prostanoid receptors	classA	1.6363784019353922	-5.3134609307812255	-0.7104535763438343	-0.8943880252486194	6.697621768691968	-1.254394469015877	1.3081332061710649	-1.3334168130314514	0.4718475054343743	3.0946788406103685	-1.153787669961327	-0.23858279876043917	-2.3010157413973564	-1.3724911921230512	3.35082750050069	0.9954150788618416	0.15688737565872715	2.534962290315779	-1.3913945320396102	-0.8493424321233383	-0.001703963362308994	-1.3202272862065245	-1.1275867888342619	-0.06304720579120877	1.5031465137343238	-0.4281268004983956	-0.2596106945191139	-0.14512442541138554	0.8174229098343034	0.020678068432045935	-0.15422443952258105	-1.4269261005200198	-0.5421624863975661	-0.39428124320483365	-0.467740380612967	-0.21245549016298015	0.5306993565796337	-1.247991078875195	-0.4615368603046488	0.5157563732702432	0.07095020545043612	-0.9619228602265281	-0.7690872418837092	0.7499601394211497	0.3305733855753576	-0.021958856982819686	-0.1883498902641603	-1.4368832036978625	0.9504599839272045	0.15732992049119499	-0.24111536978107173	0.19959309180336515	-0.3727437359813765	-0.1400361435375223	-0.6305738990142432	0.0528497607561457	-1.0316741173706334
HRH1	Not-coupled	-	Coupled	-	Histamine receptors	classA	-8.877793293154745	-3.460293488002773	-1.0790074426888177	-2.991144904808068	2.835289905769073	1.0274427084745297	1.0407850781215602	-2.260589398327663	3.643098528256143	0.5206791292429831	0.7350135365163972	1.2992650146898108	-0.7030225748133101	0.1847112773143989	2.5830561163675942	-2.311759244771019	-0.6205727030282722	4.699556796338247	2.8925121883590985	-2.106650184649405	-1.5709111021295092	-0.4114308547823595	-0.04729483983535274	0.7952222713847686	0.9090009070294736	0.6836105962696385	0.21721986997639423	-1.9423918230650161	2.0496637137192395	1.1848123211508248	-1.987553583249403	-0.09394062445528494	-1.7692257323129825	0.49061292162723735	0.9352726667531285	-1.210815698028566	0.12339421756115726	1.4847160899007261	0.5867205166874233	-0.8063297540603425	0.11724991143940809	-2.2351545627282126	0.0610914352763843	-1.7782455173561365	1.9277549899646358	0.06357966965147444	-0.6471178354123716	-0.2114350521670532	1.1085366315552914	0.0881369193800471	-1.6476055717990332	1.0445674298317482	0.7313404619406394	0.76099999429688	0.2642671436237616	1.1690225822351659	-1.6466340371147021
C3AR1	Not-coupled	-	-	-	Complement peptide receptors	classA	0.8446583046736663	-2.6464225162530686	0.11642711397654418	-3.872850539716773	5.38221420137847	1.3971527750453432	1.4416602284303515	0.5278734680015903	-3.091768298530759	1.3966283879317223	-2.0706326437877536	-0.49317338388090987	-1.2053932672474574	1.4284000467297828	0.2127658458842033	-1.8506701259784144	0.20256165087507086	-0.8132207060890019	-0.27858138057298615	-2.047320527701861	1.5703114091734245	-2.1188881541181077	-0.8655579157274796	0.778496793934946	0.6160440748898219	0.725057121896318	-0.41428918011227095	1.3828692736135115	-0.9351436927263352	-0.5132559611868227	-0.8181669120684572	-1.1691428420834666	-1.7140377722864903	-0.904306376595905	0.7997818456601435	0.0195873605049999	0.14384759205871545	0.071699161873903	0.5179005926932857	0.32772358578644467	-0.2634143274734468	-0.8923454124569252	0.3126653965733096	0.7321716605281527	0.23635279857868022	0.15934409287000004	1.1338954553642906	-1.3989213486023269	0.7069794250530596	1.0741332823363805	-0.792099608405078	-0.8724784401071504	-0.2905579136334515	0.618232356883817	0.4985452961833766	-0.3041587115469783	0.36768320011555106
HTR2B	Not-coupled	-	Not-coupled	-	5-Hydroxytryptamine receptors	classA	11.162289029863935	-4.941304220487586	-3.573598450303691	0.2350534057686141	0.6746537570524952	-1.7177588524940164	0.4982481341665959	-4.530141562927524	-0.2027548888972067	-0.7782347428507222	-1.8875254956236436	-2.2907920206787384	-1.7190464274694826	-2.921713842937806	0.7583020298981985	-1.6835251364866708	-0.4795799668730174	0.6861666110997642	2.1476505305209774	1.5247072852753203	0.9303160034807452	1.9249407112716779	2.128417161975609	-1.3693371356050341	-0.6094515947728536	0.5593441779984325	-3.642620779917808	-0.1413665266800698	-1.254601524260205	0.31898499049536777	-2.3270192323268533	0.7838553476453507	-0.6844162916736246	-0.02002994556839158	0.3156539287892323	0.19396301067430619	-0.21536869599114894	0.1233918346964738	1.141874833375656	-2.0361664433757753	0.4104269757940331	1.9491667738009508	0.800805996529662	-0.012167365627461159	1.645143735860907	-1.1562212833477625	0.7036811784734068	-0.4282038285422672	0.0880611965792046	-1.3411955761076557	0.5025195188727625	-0.5052956343884573	-0.4329834077076072	1.3545716606059706	-0.23951084685898297	0.04998027982939121	0.8926756124353199
GPR37L1	Coupled	-	-	-	Class A Orphans	classA	-12.669307072148817	-6.255469272697393	0.35213466474943295	-1.5955680380538027	8.607868492538843	2.9501346915014337	0.9303029361021643	-0.7867696418883964	-0.7100501025356425	-0.4096626893145512	0.9052031153452647	-0.2629104151979769	-0.4629350847255176	-0.4261304031830513	1.1033974378040252	1.4128738844651305	-2.360563905923222	2.175341084318969	-1.501964940439293	1.7659912694820592	2.0500692462388654	-1.8382560552477065	-1.2111378288850967	-0.28243388276253567	-2.340930692000866	-0.1818024397486359	0.12110674643709311	0.5377418959145166	-0.3811927516231074	-0.9058778405860277	-0.1158111115001714	-0.046247326024461376	1.1127808601556224	-1.4958277362804298	-1.7194561652249405	1.0148859734797167	2.303036247221597	0.014661292225203614	0.24722844203471744	-0.3680014861418585	-0.7733765794142815	-2.339166869873018	-0.4355402240425002	0.8803272541042714	0.13180494048232103	-1.1230015272738447	-0.21859109908831933	0.4188207806255325	-0.6652131975570107	0.5534295846889051	-0.1299684163295469	-0.41843599785795993	-0.2132381556160318	1.48327760309347	-0.13092181215280566	-0.1921649517612512	0.06541672442964576
CHRM4	Coupled	-	Coupled	-	Acetylcholine receptors (muscarinic)	classA	5.122866376604378	-4.065801015742152	-0.9235162198961862	-1.2400830575429096	3.065806663314973	-0.5083504529289673	1.133475390715886	0.16439565104306605	-3.031870844430906	1.6379734479049717	-2.523961486369081	-0.06531337972709739	0.4421356043322746	-0.17968581948504228	-1.5314200050256068	-0.7118151103777293	0.2835679944894044	-0.23271835824976178	-0.9711466010936695	-2.0282006810612385	2.0073181199719534	-1.008243870687599	0.10485741349267154	1.157794825953193	2.34294938243569	0.987312046728578	-1.2781252191096129	0.023500132410585094	-1.5775678058103637	0.7711136050653381	-0.6718270829785912	0.9253101395452451	-0.5051996137287412	0.2443987021784972	0.0006103702838758841	-0.6244132709658398	0.046590291739536056	-0.14130027323496805	0.7316943516510306	-0.6438488516818296	-0.07565328794566918	-0.6577483574202819	-0.4381329792895909	0.4881060991390993	-0.43603968928386777	1.2612732420656467	-1.1296021208447091	0.9057405801195976	-0.3703756726264744	-0.45994385810029925	0.13899896029169181	-0.26533393256595517	-0.5726210966208344	-0.04300426699261692	-0.3178056112896063	-0.11666702936340455	0.4995896244703906
HTR7	Not-coupled	-	-	-	5-Hydroxytryptamine receptors	classA	-12.821269081515847	-6.8942155444746005	-1.7221278840729748	1.0957407673469335	2.221723196349169	0.3052975220053192	-0.319559735489705	-1.8419545143638074	-0.06389064914642935	0.7756042874360721	-0.84301924973776	-0.8475982639818531	2.2707379718844134	-0.23210135252264144	-0.3220318561677078	-3.5827230573212314	-1.6495097815877515	-2.9377575826088003	1.4995568339190262	2.458738791405938	-0.6325475345242416	-1.2180646548652716	-0.7744827977392853	1.2688794635865586	0.757001176249703	3.103341080085331	-0.2131225219069259	2.097718485961361	-0.410114471460108	-2.208816512633058	-0.6675365226360405	0.6000537205681767	0.775644036346222	2.389634186180413	-0.5562713173868162	2.4019710575376547	0.5727555569327314	-0.4080828857012332	-1.9027970282687114	1.1802818591333075	0.5424626245778786	-0.055619203581042304	-1.0524331150237127	-0.42661220573233505	-0.11442103563366161	0.8259325887760286	-0.9621911700821664	-0.9579172240731508	0.15265357298221402	-0.3745465518305603	0.7031481057373193	0.8634314748195872	-0.5000108166973009	-1.2542481362987907	1.3309499399318387	0.02017760579905534	0.12169297775947646
OPN4	Coupled	-	-	-	Class A Orphans	classA	24.772715690789873	-3.7947467117586795	3.338654189956771	2.182170848636249	-2.1238554453758596	-6.990756036963213	-2.262651880426022	1.46369575733112	-1.2543737054191548	-2.9935398973652725	0.4425975448737948	-1.3980606641526625	-0.7851837257175475	1.9029804048276506	-0.9144342998606341	-1.2710425655886715	-2.258041912190666	0.8016438949895917	-2.260281785069072	-0.9196002070118672	-1.0108160562595516	-0.3959559806333699	-0.19725247337854568	-0.4009137705618625	-0.8923085843754485	0.8366805010730891	-0.5732705871349921	0.394439437173887	-0.2593082769527448	-0.0883003342345744	0.6881892231911024	0.8443068796232963	-1.1888591630925598	-0.493287141251223	1.0565944183255875	-0.37755213882139066	0.07577092150455314	-0.44109957610834233	-0.29697570551995345	1.5208745245885247	-0.4506414192663616	0.22667893086481647	-0.05239521106367807	-1.0129565223145665	-0.16465423304286617	-0.31628498763617535	0.15565577835053257	0.020841294839934212	-0.11186606958537448	-0.3442644416161906	0.1433067455896675	0.07303270369909322	0.16871016628195765	-0.21131164740635125	0.3125914225841127	0.49608450290062334	-0.5073846731489509
GCGR	Not-coupled	-	Coupled	-	Glucagon receptor family	classB	-0.07095243411949437	-4.304690483218914	1.2423942269228982	-2.779737002618191	4.738521359086988	-1.6681499504049448	-0.7047156226932851	2.199357225866852	-0.021534911038869734	0.9757866105367549	-1.6112667471381548	1.9313991411074571	1.4731778543356369	-0.48882763559865894	-0.33089452392042595	-1.9351862548660896	1.4253194588987468	-0.40747272698905596	2.1051192595456882	-0.3269141389569227	-0.6110135679485891	-1.830856665906916	0.45955669843017993	1.79526134683946	-0.41522278280386776	0.8140455714454178	1.598240867219062	-2.146891710931937	-1.600299688011904	2.079242030568737	-0.7887126085135989	0.458072726255861	-1.2583752127302719	-1.178777137984831	-0.8110254068353164	-1.0571339906744797	-0.04516669063555728	-0.2733960346075845	-0.7271171441326985	1.2263738334782655	-0.08255490342626758	1.5793037649142778	-1.3606717817133966	-1.0845688891157916	1.6147654587229443	1.040187635393663	-0.9003593540119026	3.172050015712437	1.0319572443038647	-0.8028410934539958	0.08311978167478624	-0.547507047494045	-0.5158892730893424	0.07083906989335786	-1.3936287126027351	-0.18493730361876365	-0.47571180413457564
DRD5	Not-coupled	-	Not-coupled	-	Dopamine receptors	classA	-18.930540564595795	-9.829127600255052	-1.4952525033334796	3.060516600271211	5.580775991590874	1.2127836371391092	-1.8971712618764711	4.083691432055535	0.45764995269850267	-3.2258459358519973	-0.12415650667108245	-0.8999561810106573	-1.3264155420246744	4.415438472631309	-0.5723936045545003	0.5021885140291567	0.30688925602322675	0.6931270175656833	0.43279126628747056	1.462814729410806	0.10659633134408178	-0.547934390284774	1.0637212469727126	0.5475998199110674	0.250492846815024	1.6516916074682606	-1.4144261353961354	0.8708207308054497	-1.0624660034576947	0.843329978309574	0.5198400412531847	-1.323429365465052	0.6348205917540422	-0.05968366775016144	0.4520348456329595	1.9436720598228348	-0.5366608176772556	1.8067201485351896	-0.41184350493205135	-0.07009176466166928	-0.48266304129412874	1.2660666452722067	0.7179481034845573	-1.6000181797451658	0.40737557520242007	0.8877869840564196	-1.4493854017552616	-0.04860801614816558	0.11642578775523921	0.678799198583059	0.5402011937460031	-0.8433635359711295	-1.0495471120438022	-0.7647307890079178	-1.069411730258678	0.008851836551777152	-0.3914196802325381
ADRB1	Coupled	-	Coupled	-	Adrenoceptors	classA	16.79338172641121	-1.6447401537756172	6.432349584991652	-4.233605415251817	-0.5961436384351662	-6.911178249629915	-2.1377109862499086	1.2789543284507987	2.3598525991965604	-3.7428819137554945	0.8936253331002385	0.5497127623137301	-0.28892530858158405	3.8474182030398527	-1.268183068628709	0.3900345609335474	-3.474817728865102	0.4552476675794572	-1.6497662949709506	0.37222911712141604	0.06771726886840079	-1.1886143624534444	-0.08646866293206266	0.14942944364370483	-0.22918026889445817	0.7110581589675181	0.5943757263210835	-1.0972104750085918	0.20110360455933785	-1.0564124579921053	0.31829896002207414	0.5863308973087237	0.7663754337973774	0.9138781818271927	0.9553500417245074	-0.7953983783693263	-0.5570291926744938	-0.09310227687349887	0.04081278190541161	1.1600852919993332	-1.339008330520101	-1.1939333069497495	0.13968867119838022	0.5769773513189705	-0.19171282575337384	0.8861620930284791	-1.2072663888694972	-0.6088963226526705	-0.7241689186728725	-1.0172470763701893	-0.07065063080503844	-0.7739699952930432	-0.7617990762155636	-0.11663845615652098	-0.45230955733757455	-0.91583056842355	-0.2716739895652229
CALCR	Not-coupled	-	Coupled	-	Calcitonin receptors	classB	8.381664913147127	-0.9968596056772351	0.1833532950861646	-4.262617633395464	1.5158968995818802	1.2432301704906241	1.5564847128683343	0.08080867044171931	-1.6138240123563263	0.7207072158171789	0.12165369345842522	-2.6031394829364363	-1.3013698852046724	0.9210927546741248	-1.941474220344077	-2.089612077669594	-0.4593727213443004	0.6511132439476471	-0.5962967094080391	-2.2513856828313386	-0.009807659777538513	0.26955875008751	0.3592920667034926	-0.5264494352694672	1.6468692910338072	0.41683442497050577	0.042560438341772956	-1.0248766011523918	-0.11820213863643814	-0.16320498237254985	0.7507878955344384	-2.578155665326958	-0.3732567070676869	0.36776849884352103	-0.45802567633660385	-1.3645135768205314	-0.19382278774769404	0.6631295403858793	0.4447876562447712	0.06865432393734325	0.2706325243447432	0.21929441187636164	-1.4494382994064146	0.3929474461705769	0.6490940054661278	0.9260462297100601	-0.9199526743628861	0.12453314556198591	-0.30369560018563724	1.0674649126625424	0.34548722929455933	-0.6637175432914708	-1.0538019626585873	0.9798409094792581	1.1551220818604415	-1.659857099295679	-0.18122736729623273
CNR1	Coupled	-	Coupled	-	Cannabinoid receptors	classA	-3.5894776702587126	-3.8532590692859277	0.22386451220922962	-2.2803777865304595	4.214877403721308	0.08944557562588971	1.4700609785958878	-0.6720350127131152	-2.6436698733316097	1.4047961586653623	-1.046909892779868	0.9124628031096341	-2.1356866420550396	-0.09279814362200796	0.21572677059715367	-2.291071096969431	0.784105324935062	1.4735378735532367	1.238252484137508	-1.910961045247456	-0.15820406910864468	0.4502305495028007	1.0380370521783335	-1.1499548194992164	0.12427820726539485	1.2449005953288852	-1.387183025444508	1.0913257094197528	0.03267498480767253	-1.1000419587661943	0.6816247068969832	-2.14190249719898	-1.1849154457948285	-0.48781604557715	-0.03674915658788994	-0.6117842029703611	-1.2592591884980586	-0.23109465401623383	0.31270635380222417	0.10285860435434088	-0.6583254775227684	-0.34560490375931135	0.42826366587588993	-0.1404269083549981	-0.7388778148101988	-0.2282078784802214	-0.39444441636147887	-1.1310295912335302	1.2744398128204077	1.0006363517268098	0.13715557563827732	-0.9060555799871512	-0.5457026869336301	-1.0769489387689246	-0.8495589979928277	-0.32078735224847177	-0.03281715191149989
HTR2A	Coupled	-	Not-coupled	-	5-Hydroxytryptamine receptors	classA	-14.86880895813313	-8.17869549800083	-1.625215202038528	10.367480442185402	-2.5095396161184733	-2.5632745262595953	0.21646844752742372	-5.5128532434313025	2.6271710649546653	2.0096462476033015	4.036841369348005	2.159271262680613	1.347714873524493	4.263647523446192	3.6524929630874525	2.7910148303646047	-2.36174257719769	3.2307623374274255	0.54974002134481	2.1048051549903715	-0.576912406161353	5.8140689936442635	3.0467202891927623	2.4773827573519025	-2.6670294115091475	2.7274420054769877	-0.9694756399275997	3.39881820459896	-1.8940656571609351	-1.92214182038508	0.9208952712060058	-1.3825522305607114	-1.8548605780663965	-1.6514499314590136	-1.2576639301996508	-0.021821032515802162	-1.0550787600001734	0.4722437896920766	-0.6307694189904941	-0.8153609255771382	-0.9409823594874969	1.1524899149982424	-2.45646172528701	0.45631772252233016	0.3011280416849207	-0.17633639860539324	1.4640444919409985	1.0219729326077192	-1.4703761326254645	-0.663500795337724	-0.8668054114987114	0.6617878393065851	1.234075191185297	1.5832217771168187	0.08286180268992326	-0.05786124262114462	0.4438358705591107
GPR152	-	-	-	-	NA	classA	5.444419025397797	-2.348177858859361	-4.887336703499249	-0.18023141657992336	0.19488640194331236	0.5014606907717278	0.8909129693597844	-2.9090156903953166	1.0931835138136912	-2.74733934247127	-2.3513004334156498	-1.4263984586188925	-0.32749408947473946	1.551500562084685	0.153953666845217	-1.4864634450675276	0.5972752070197663	-0.5639647964932124	0.10593040374303363	1.8551674372779317	0.4493683094237938	0.2715096311534995	-0.2554357194700105	-2.1336117246216846	2.2641147957028633	-0.546611043270561	-0.9693185370289941	-0.6151900727560817	-1.4394917044488766	0.4573966010039626	0.1510359723996632	-0.3806944561700765	0.07447535124613804	-0.8599565973073284	0.15015573894955503	0.23325255830999433	2.848431051437001	-0.3637671380595623	-1.460304939233292	-0.7439141742670131	0.31237713811559153	0.7396957394769487	-0.6729169482356376	-0.9615315143844998	0.5495728380530073	1.8245977624955698	0.06032567374347522	0.47731845004609197	0.3339966156856202	-0.667493419743095	-0.41972097102638295	-0.17019095542117021	-0.4895874403846053	-0.853256969949077	-0.6895242689007991	-0.901752894822907	0.16611665987293905
RXFP3	Coupled	-	-	-	Relaxin family peptide receptors	classA	31.41453287305619	-1.628743323685061	3.3429552495848776	-4.284294043855337	-0.7896235676032867	-6.957285680632871	-1.3769233644989707	1.1058873314309328	0.2631796307964594	-2.24191332676778	0.1424961420327264	0.4778187721556787	0.5781404702633559	2.226130961171309	-0.10565184007198852	-0.8926931927756779	-2.0402524537159024	1.069716178450273	-0.3022839239816297	-1.3368075452100314	-2.6827143263206468	-0.940922742333367	1.7020079861238102	-0.868246243837384	1.124184141231948	-0.9718789958696099	0.12300451699437516	0.26068670798062976	0.21649109060493812	1.103044745850542	0.7610337100590551	-0.12054454990191793	-0.1253602015489285	-0.8992030214310457	-0.7368536008804606	-0.07493483563041158	-0.6765068216109495	-0.4240182008403889	0.42821368696425904	0.29641045908883984	-0.6988793644339866	-1.0982799173528826	0.005622543169670644	-0.9751744949791322	-0.05526286279594794	0.2903008800898929	-0.6157850934832891	0.8778753715568692	0.14902677334088707	-0.4939167298352959	-0.7997466522866267	-1.5728230733189512	-0.7807636659690875	0.5829802391053824	1.161078208647598	0.029541052123932585	-0.47397190006671436
ADCYAP1R1	Not-coupled	-	-	-	VIP and PACAP receptors	classB	27.28961631507724	-3.577102282594257	1.6172563766307344	3.528721524241901	-3.7740997317488736	-8.164723298170372	-1.453815508705981	1.2559927093811096	-0.5478257492483336	-1.1048760405952576	0.21005837465600244	-1.869736632750414	-1.9667335053285073	2.271075268759816	-0.6532189231564964	-0.2627397355722486	-1.9475385495830377	0.3226908634790521	-2.9844323567204016	-0.9409502936898094	-0.2082113390977631	-1.0888216166869702	-0.3399060962891556	0.3038733033396012	-1.1123573441086334	0.31809447077236214	0.2458721773984762	-0.19758351095468607	-0.8151978115457261	-0.2019276295922828	-0.5433487441433951	1.3636966079710897	-0.8542819481969129	-0.6642775556418908	-1.381056936412589	-0.31663242504088046	0.012802305904993035	-0.9576940198888088	0.07468479022706022	1.3573174072177663	-0.38628089918439706	0.30742312419913875	0.8493419393400341	0.18226080301387984	-0.500609204609139	0.4019740992647443	0.023527246002221527	-1.1821469994822362	0.514993938736409	-0.6588551403576554	0.2916948581356366	-0.715336343786729	0.05564564082449209	0.5097519974847992	-0.7616568469767138	-0.12452228506517672	0.4583830734606055
GIPR	Not-coupled	-	Coupled	-	Glucagon receptor family	classB	-6.672038665707188	-4.055827886071606	-1.2378856369126332	-1.4126409391439299	4.157517580168236	0.8147801159023758	0.5915835137077059	-1.386284457669271	-2.269649510684275	3.4180247385715234	-0.13215327155465356	-0.7083337401385533	0.5688497003795803	-0.7333742856473433	-1.0275721943892466	0.8513266634134912	-0.3871465299703263	-1.9964340720686569	-0.4288028413605031	-2.5660601984141453	-1.3142895057601163	-2.1262715629536135	-0.7676093239101159	0.03100640692946693	-0.42605649498434545	-0.4668073334846372	-1.2205252541129132	-0.3636935734662616	-0.19001167085646067	1.1479534425061835	-0.4888960982790926	-0.17827537923448347	-0.4519045322512004	0.8883952963401254	1.5239162800914525	1.0115945927254675	-0.11422368756620398	-0.18858939421419615	1.7954210631069534	-0.5678745205857424	0.2326959205255693	0.4776802848068301	-0.3322919762603077	0.006135233570371405	-0.5154531794643566	-0.5675200007147025	0.6901596036501726	0.17588689613799294	-0.12401174505708364	0.03912197225860002	1.03528530448646	-0.9200876320062155	-0.5909761167666617	0.9274184554027975	0.978327573976248	-0.3672760350876148	0.017370394788359965
ADRA1A	Not-coupled	-	Not-coupled	-	Adrenoceptors	classA	-12.903854526707265	-6.200504562584481	0.2025092680872912	-2.5554159250629955	10.207708085317046	3.5645483671999605	1.0556431939431392	-2.1763503503758375	0.02536471775160177	-0.9623038398545787	0.89595036820136	0.6239649129729813	0.9030722571008861	0.23664042203893818	3.3842558917944285	3.0865253274821773	-2.695320695270188	2.858231259955289	-1.0271110925660154	0.30206813817553346	0.9532630875432828	-0.03503009389199278	0.28593663464933006	-1.0474512596230072	-2.942767489713126	-0.4102786582611749	0.2852922593159321	0.5323814887053784	0.06470517089294377	-1.014501598091038	0.467689379272572	-1.5744961679639626	0.022211240192425555	-2.194643214278006	-1.7940803975406208	0.72967731386203	0.369905904191574	-0.5420935512743494	0.15068809026924934	-0.027651868997590968	-0.8545806117146396	-1.5347139075564216	-0.4016853551313931	1.0468142485604932	0.30412995282170535	-1.6074232654115133	-0.2566856599797089	-0.32753530666944414	0.19047166326271892	-0.17103235320038934	0.4410586120273788	0.30710583911295697	0.11406051953119502	0.3111206203002489	0.8117182246689877	-0.6015254572959277	0.02263586433752436
CHRM2	Coupled	-	Coupled	-	Acetylcholine receptors (muscarinic)	classA	-8.05675919196044	-4.182458587529205	-0.9408156280226625	-3.439759921970428	2.588872314479435	-0.4671906850873944	-1.1120110258493514	-1.2139038322595024	0.8735258297192813	-0.9826008394078704	-1.7455153272595985	-0.5450307940853816	1.826118677960009	1.9090517760265593	-0.9338193492036277	-2.094414222995288	-0.15633098360349426	-1.4793471533474107	0.8517075938402975	3.113863930384153	-0.41535756998256407	-0.3161913448891655	-1.6027550695569623	-0.7241419661971313	1.5714291981926356	-0.8414554417599126	0.631407965998686	1.801591692988541	-0.2888117142859624	-0.637593202523296	1.86503611555647	-0.14099479372649595	0.24432160278219728	-0.24496677312288512	0.19019679618126142	-0.03521493096418589	0.43231825462500434	-0.1525169192791956	-0.13137770152905884	0.2233222044247857	0.7789415321200795	-0.5588858983969682	-0.3609718288106784	0.06135729814203468	-0.33924035578353645	0.04797331084610088	-0.9086102105420079	-0.7363662891136482	-0.8366416353777564	0.409883189537289	0.4972890962847926	0.38003705887456934	-0.546386653464406	0.3533483684245551	-0.8095315485298102	-0.18363048142921803	-0.26288013187369874
TACR3	Not-coupled	-	-	-	Tachykinin receptors	classA	-9.88803838709611	-12.051311573599913	-1.8235979718542268	4.230099050970461	6.993475711496934	-0.35886376407629805	0.17183656516060053	-2.933588846381276	-0.8693522810748209	1.0636389147405598	-1.211143750561692	-2.8236645362433332	3.0558661875665507	-1.1364810172081374	0.5260363678441241	4.1206425242160565	2.5502051117324798	2.225487865602163	-2.282208348696204	1.5570613894845038	1.7937382379335403	-0.42173028061165085	0.29241594740849813	-0.4241665040163239	-1.1274341615490087	0.1478149648168499	-0.9609154918623811	-0.26588904459113183	1.4703335557628894	0.39288774735047416	-0.7475627473606581	0.3135182156139535	-0.41102981705602387	0.9803058830800389	-1.866743250246884	-0.558354804022375	-1.6090563248596212	-0.6420815405134629	0.4078864810317213	1.1742450568513616	-0.49309721455601474	-0.15404144077697718	-0.9881181467182801	-1.0849752387966844	-0.33668753800302603	-0.05074780214893837	-0.020008370486735996	1.1145789607310466	0.16731991665702522	-0.740817932335821	-0.9350701231994373	-0.5254766107555411	0.5541205214515307	-0.48707149667201627	1.0860437482841456	-0.5061756059997984	1.9947473758105274
ADRA2A	Coupled	-	Coupled	-	Adrenoceptors	classA	27.720493277670705	-2.178294563462694	3.6074993652754794	1.4714300872830812	-4.199083983215379	-9.82164178081859	-0.6574443590926708	0.19519070013237996	-2.3997501004244497	-1.253007445205934	-1.3166665213736652	-0.8568071699401566	-1.377485379647672	1.00997712474798	0.030592999213490766	-0.7792912192717927	-2.233199867545451	0.8948183420963293	-2.2355967273189856	0.32427305963601893	-0.7497897884736954	0.08998476700246395	-0.010009400721829681	-0.33067946873868803	-0.17656509582076568	-0.13857403758977296	-0.4404266526917532	0.011143341367960845	-0.2843731984543556	0.5289568415936966	0.45175142952555336	0.8542016196988376	-1.0709628001261997	-0.3792737892464577	-0.5357660606855612	0.46369321085775334	-0.5745332318413477	-1.2968924696270492	-0.08464303411976024	1.5436611212655915	-0.5169974948231286	-0.13867916306365316	-0.01840287927885844	-0.5853322290999513	-1.044668961971213	-0.6589385190923389	-0.46308637526485563	0.004991902162902425	-0.24357386878277618	0.21733040649277144	-0.5669891203245385	0.6415068579820675	0.0067838498056699515	0.98827125421802	0.9009973809540245	0.17556359461477308	-0.2904064431236795
GLP1R	Not-coupled	-	Coupled	-	Glucagon receptor family	classB	10.74970018569303	-2.704168970129764	-3.9382902643497997	2.81883051084582	-0.46472603022832437	-1.4691951470366795	-0.7707690137871657	-3.7661681374281106	1.4376512085864872	-1.6032790792311642	-0.7581434775433123	-0.9318613668688102	-1.2879820638988417	0.3851412008210781	-2.136249433201494	-4.138769498143994	0.9670315935108267	2.1008456256494847	-1.2711212793658597	-0.06544415668306021	-0.18976422344141844	0.6535977735410285	1.3910403394578452	2.317333998134717	0.3645066393987989	0.6432693726523715	-0.8872997914967273	1.0753741208377072	-0.21650495422649094	-1.2383045781491784	-2.5995281621333475	-2.106000179606444	2.0300258247539307	1.4443844227571445	-1.8013289703767303	-1.0454026603933106	-2.7365234509586998	0.40905318976298666	-0.5649803656061577	-0.3601108162859845	1.8896603776581047	-1.98568758001457	1.1657633836231687	1.5435343961119323	0.09814117116240377	0.4796317651303572	-1.387617662193099	1.0499992923645005	-0.8541173780085575	1.2554816022658348	0.8639693053158497	-1.0904119358455029	0.4178868286946712	-1.463438659065866	-1.1529543557597282	-0.6916688000298503	-1.6338508081932062
GPR142	-	-	-	-	NA	classA	-7.66864323780857	-9.658909754787345	-2.70531530025813	3.0277752651174925	7.7031289436875205	2.4677408112035737	-1.4523196083845673	0.6277176801930494	-0.4026126059081374	-2.9814910889025565	-1.5975106598348299	-0.21146157734999502	1.8858349856555423	1.2034192657543492	-0.10310664287658819	3.159059516103601	1.4666556029393787	2.783899082232863	-2.3866436327760927	2.561771861649448	-0.042080694882009856	-0.6685634829588787	-1.2405020817126304	-1.8705981289676679	-0.08659549849430344	-1.156954704100748	0.5528046430378617	-0.207945208678741	1.851304468903026	1.4123594947750735	-0.05780874041206802	1.3707917079513083	-0.29026986890641493	-0.20175676401990714	-0.06311830486810467	-0.5233968874195413	-0.9987119031345879	-0.6867677469421134	0.5595229643817355	1.376216619180662	-1.037107477015948	1.0158845907309408	1.1828216510216347	-1.0490509133540569	-1.9344982018923467	0.22589085911585308	-0.47157597503418325	0.32616517248926125	-0.5289339016780559	-0.19247897071519146	0.6619535243819172	-0.5836714736360342	-0.15514830352864728	-0.34819204624958483	-0.3187172696820703	-0.0036352008243270145	0.4999031068378891
ADRA2C	Coupled	-	Coupled	-	Adrenoceptors	classA	33.147742655136376	1.3019282600328224	3.316162064891421	-4.973182120675315	-1.610103493059044	-4.998761881519096	-0.44757352559499997	0.18517553033380982	1.0733899811400902	-2.9434877770168537	1.3339389309887166	-0.5796774134293041	-1.0796545487726035	3.513321153121711	-0.29677303554761786	-0.6172763293866105	-2.3565940526605096	1.0663396386374402	-0.582046518206978	-1.6497947241847295	-2.3468905835603247	-1.0054656876617611	1.4380440745201075	-0.9824325526283106	-0.4586100410970025	-0.11796206758570311	0.5455181138023022	-0.35668467554802497	-0.06113623297621333	-0.6038334136238017	0.1721209262714797	-0.4341778268951862	-0.021290976214687025	-0.7293510438110201	0.6324379984066568	-0.017382805921932375	-1.0620428307807797	0.054668252634727806	0.9719702703747245	0.4974802789765133	-1.4917231612141812	-0.9776670646815386	-0.25064144656452764	0.8513744451274626	-0.11760786266678121	1.2302198969840763	-0.34221959416911024	-0.815534976681761	0.7539716642118547	-1.8398627864560888	1.0601195078098555	0.00598772010239138	-0.2458609010766333	0.14635293363452748	-0.9015310793426003	0.0667976196418037	-0.9981771543892929
CALCRL	-	-	-	-	NA	classB	-11.37063225161999	-9.121144083206133	-1.2356401985451142	4.126413288443561	5.613157357914498	-0.8656052649828222	-0.11502394021326577	-1.1719990346510873	-1.7427935303751434	0.9416732367948892	-1.0950541091382244	-0.5557828681252681	1.3266604487596136	-1.225292902286047	2.8468520230274934	2.458395112787323	-1.840945808928059	1.9182525852988916	-2.021876966123062	0.24750199953123553	2.1087679879285584	-1.1148148342479431	-0.6516704779025069	-0.08898404224408975	-0.46836801433460373	-1.2576556473212492	-0.37402998715001196	1.0479029117797882	0.8709816113045502	-0.332078296825459	-0.46424346978907893	-0.7253678504975277	1.6099490141715485	-1.2021931461177857	-2.35481584284333	0.6415671451731053	1.8897962612031476	-1.0356105307363617	-2.1105862315058133	-0.022315737835521977	-1.1952453108891634	0.018022865465117367	0.1575811759942447	1.120558622522411	-0.24366459764299275	-0.7738383764141178	-0.8062170494129371	0.30563941655416493	-0.1924585176635633	-0.24665655744671833	-0.2510148173648689	0.08819596543934625	-1.6697092252165076	-0.18169276159921732	0.5294263739003009	-1.0647113717544818	0.5120133760715518
CHRM1	Not-coupled	-	Coupled	-	Acetylcholine receptors (muscarinic)	classA	-11.154873885276492	-3.439212443589996	1.9668972617505953	-3.368181294868595	4.908579272749934	0.04347535290544749	-0.17116863353376174	1.9383901538244952	-0.3605215015883544	0.9879338399064237	0.5299924331743445	0.23369707134313542	-0.6130200548888336	0.511861162493217	-0.012884861222066465	0.2120533642127374	-0.6932973607371176	-0.17610942448978661	-0.3384188765813043	-2.1386370736548153	1.815934471150096	-0.8465830722817562	-0.9079409955074526	0.456515652088997	0.11289993093449223	0.1625101060403833	-1.0465130553461672	0.7254032693314915	-1.82947155053491	-0.45501034246052774	0.2775779044807982	-0.9666079239837865	-2.2156325888736568	-1.477414633186717	1.1064773589703807	-0.6414797284677266	-0.2089037257052481	0.3131770409839907	0.6853656391606279	-1.148858892527672	-0.9627604188147195	-0.8157094459062857	0.5712647978707671	0.5503091489732332	0.346183341289604	7.409613993852434e-06	1.0600107937024383	-0.26743053882623086	0.10487620582666127	0.5733996523461488	0.2498393703260196	-0.1303250779422077	-0.962257363748299	0.01853454397427665	-0.7986787192027831	-0.6740020872407756	0.8396451302669017
HTR2C	Coupled	-	Coupled	-	5-Hydroxytryptamine receptors	classA	39.031211340636254	0.8489301303427971	4.669363024779841	-0.6733884970809978	-2.462808689440635	-0.7995199246249497	2.5369590546740666	-1.405189008685372	-4.291305105190142	-3.483006692563584	3.8438664954245105	-0.18255296633828538	0.865633396410129	-0.800975745606474	0.505489351923509	2.573874743587941	1.8119587288465453	-1.73264416668205	-1.433013488615277	0.03585526971297708	-3.2264978436181755	-0.9413045531163229	-0.6267779930380468	-1.7805844659646841	1.3432349795417966	-0.7990640269596012	-1.987519011689508	0.2432618577600577	-1.1658654714224224	-1.4812186145101371	0.0779094048690347	0.858459222224951	-0.43203868010285534	0.7666617595844787	-1.4565902256093752	0.9569742927787533	-1.071466479053076	-0.9833666017952277	1.2661575914046115	-0.8482126522328017	0.07106268472211841	0.40084149463757157	-1.335243761642802	1.5554983217840457	-0.5427761606476403	3.0059881045162964	1.9183124347002065	-1.2914571953754224	0.5454234022470827	-0.8845143735672517	0.29866100088711256	1.0558837397246263	-1.1863240888282616	-0.5378121198059798	0.6460309277451365	0.39605736467523506	-1.6736953132945316
ADGRE4P	-	-	-	-	NA	classB	25.290049052422052	-4.041303053763615	3.518915976515384	0.37118454309565796	-2.0790818505047097	-9.061103632763308	-2.1363750800512213	1.2517623037547556	-1.5344515992195182	-0.9063805973670179	0.012348549464617064	-1.4676849174648727	1.4976521700971115	0.8115440595459784	-0.9697604903309593	-0.3136078683716075	-0.8570812748503144	-0.17162304916964483	-1.9477346360726	0.08252018215502922	-1.2514089983466756	-0.5595493792446278	1.2826634465966664	-1.545178814768358	0.8105895638970061	0.01044207805091464	-0.852179153055592	0.5639121158809479	0.752727458782741	0.019672379893196663	0.8420684754309328	-0.5453440014646334	-1.0673920877289027	-0.7830420211033033	-0.6982961973791281	0.7800488246879697	0.1756802734293371	-0.006273979207637536	0.059536852479577886	-0.025508626580888902	0.04855667601583522	-0.7133846792042011	-0.35460803776154115	-0.839415940523507	-0.3562535916883514	0.2223710426839481	-0.05394535708742472	-0.06712375011579486	-0.47668980321687693	0.5142596112788342	0.05036922363110008	-1.0897685905577357	-0.0819025022393536	-0.24300589228537078	1.7474366802344101	1.3586000066141408	-0.5686393021892069
VIPR1	Coupled	-	Coupled	-	VIP and PACAP receptors	classB	-7.197053721454261	-1.0072097176146881	-1.9522500804792113	-0.3233996496838586	3.2331247910254524	-0.2822698270033523	0.5723993713099916	-2.827668227984152	1.1431505538067526	0.9699428308368677	-0.18115927668894233	1.0928121281243781	-3.6034927607242055	-0.7476376326207508	-0.6881259207419941	-1.5180842220690385	-1.4061221665005383	-1.7152331089211792	0.1024730989234358	1.3536389130693884	-2.2646495461578855	0.5395112062041874	-0.5301790435796258	0.20682605831804046	-1.7947197946449098	-2.21841579256966	-0.4783980980165852	-0.8883046157461814	-0.809256693124815	-1.2606261331815714	-0.727136596556567	-1.7352933652699423	0.04935793800940752	-0.4250227712461863	1.1713377045906748	-1.117108487296941	-0.43934910599435445	0.8144237494984289	0.6170694383977636	0.5343245797052838	-1.1037546004392575	0.6333029941390408	0.7061159613344781	1.0032061911844108	0.3358577986258768	0.04737435766622108	0.5822892983986712	-0.1540307938893819	0.24236995368335948	1.3451220509553183	-0.379140378111343	-0.12241293039477509	-0.21284705458626157	0.08926891152645978	0.9385252496367759	-0.39224925774123093	-0.5712031783079825
GPR39	Not-coupled	-	Coupled	-	Class A Orphans	classA	2.7327474421855236	-3.9471977710223474	-4.498517003190202	2.032448467589791	1.85549088969336	0.023663906556163107	0.9563212448804435	-0.030728869154219365	-1.121112269884077	1.9002271488824853	-0.43049732955543285	0.3528131163328913	-0.38141023093807924	1.7014889790020415	0.8686127243232776	-2.0256440956117117	-0.18336467179410537	-0.6471241786659963	1.5132661026427312	0.6744260016453784	-0.49844209330378186	2.0029785107829823	0.45252071121609566	0.9057574348383265	-0.7282488737979355	-0.43140277492951	1.4544190355132403	-0.9665762248995052	-0.8353710492344822	1.3065669722271773	-1.4302858610585263	-1.448313207834774	-1.7855569334634258	1.7846752192399016	1.6268046361636397	1.5651292759127404	0.5685776005765428	-0.7366243494565412	0.574190696302592	-0.1542980261168971	-1.6336656981111892	0.4614751925604463	-1.1706121832482592	0.07176899750877844	0.32629468921174015	-0.5228839743986242	-1.8974474198870166	-0.9043735404615533	0.34674876012710604	-0.009167653882202009	-1.0628218314216271	-0.29703741852512333	-0.14497111645717242	-0.8481671399750953	0.6796084250686637	0.23911392467904194	-1.302451718342546
GPR61	Not-coupled	-	-	-	Class A Orphans	classA	-9.706136726756368	-9.618574871596644	-1.0792454890270804	4.313386255637323	5.837238002606269	-1.8869603922785199	-0.13145483443817182	-0.2901180559773907	-0.6869181760033053	3.2345580634033353	-0.7601151795011234	-1.8874402893463937	1.2783782576104519	-1.2336125078500164	1.7335160947682828	2.616187001910285	1.7620044219387545	1.8721284172406905	-2.252143812498742	1.8401773556960306	-0.1760320770904424	-2.4521988626265157	-0.7891613264497502	0.9967219717753381	-0.08247703379718166	0.8047918067434436	-2.1315491029555083	-0.9983485064877086	2.1553583110792207	0.4936743449580853	0.15293158717665414	-1.287372800698598	0.15017481885369363	0.9019490218815476	-1.4760206494380226	1.1688394138462332	-1.9663337619966992	-0.697931321292029	-0.5648387697802777	0.23065113283850322	0.7332697886514825	-0.18138980327981352	-0.8367495754807015	-0.5725161802821465	-0.16973669576534628	-0.25171211211287026	0.3547728453831751	-0.7837827579209895	0.7014828942104459	-0.5597540440607209	-1.0553776904563397	-0.049686946965134246	0.091584447558924	0.2814690757419434	0.9879247982785303	0.17454173659495206	1.6326911716523473
ADRA2B	Coupled	-	Coupled	-	Adrenoceptors	classA	-18.79749584303026	-7.743886948787531	-3.2771969735617996	4.39311844857724	0.3011886112158954	0.23915390421158453	-0.06322502842089232	-0.17236379698035634	-1.265875432985054	1.4202017573993055	-0.818063338182305	-4.193941218918679	-1.2110941891575469	-0.5793240606782895	0.16534454707989388	-0.944807406244019	1.6965896587663492	-0.6521901250757037	0.39981515326657263	-1.6046319726255525	-0.13689714293404842	-0.8287510059429882	-1.8869196891246534	-1.2975908642431464	0.41217552896521986	-0.38907986557244734	0.28421553746070244	1.0305074004334775	1.345415970622647	-0.7412846484311326	-1.7090900611395987	-0.028296059457653306	0.5136838496947925	0.5547874522218444	-0.698553765663889	-0.17924137040284238	-1.6746333623104817	-0.5148278615084104	0.6745357227712415	-0.9249704689498957	-0.8545383562669798	-0.17838740789236573	0.4920916631979986	-0.953373864436461	1.2320899796976446	0.5508904260802173	1.222790962500388	-0.7553699594081097	-0.8839317354200396	0.5525321588224124	0.3712948703387673	0.09644489305763311	0.42686737128944974	-0.5906310788073744	-0.21036766875981147	0.42974811580506644	1.1209184027259327
CCKBR	Not-coupled	-	-	-	Cholecystokinin receptors	classA	-5.097231405661674	-2.8522173614257857	-0.31563357639119133	-2.6163492875876746	6.464254426042214	0.36703014360800384	0.43180443101668803	1.5025721912092567	-1.3239106257792967	1.357344679643653	0.5752364379968258	1.762198482479737	-0.8821084198435487	-0.9298434254433758	-0.26315541788136515	-1.817990212709809	-0.19399953887975563	-0.49848586049181226	0.3645710037566717	-1.413259305643678	-0.6727092155044637	-1.1681576909737617	0.3018547787577737	0.06471959647864776	-1.3270890494770924	0.19876581618286931	0.4986375014926337	-1.4096901652292233	-1.684177477949638	0.8939371855041761	-0.12359018464990405	-0.7793375370311388	0.34856757192604304	0.028178691940746417	-0.18693297323412308	0.5021481957039262	-0.9416661582547402	0.5213910387156433	0.5810790954764495	0.25603110679400226	-0.1907263329845901	1.2502726142820904	-0.7687826636361893	-0.043483723793051966	0.5908164422010102	0.04548489761830809	0.21286647276099557	2.7807173183234744	1.0132694244406906	-0.9227028347529789	0.5806797871070735	-0.49539652659248384	-0.23898641943663634	0.3068407473734463	-0.8786087780072631	0.6390440345357303	-0.12100250995463502
DRD1	Not-coupled	-	Not-coupled	-	Dopamine receptors	classA	-3.850380626340025	-1.4012601567844942	-3.242320524202177	-3.5467005089975925	2.206553832955754	1.9182660136861123	2.86438604438576	-3.0429737366459384	1.094899044738918	1.9995709452524602	0.1678183331394313	-5.296512931599886	-4.220248399412501	-0.30764556994188197	4.237086284391454	-0.20316897870100992	-2.482035997948074	3.51346740565284	0.7118903378513509	1.279761043845864	-1.2874865575865533	-0.15330876748116554	0.19183110120555813	-1.457557398357779	0.6903727085949973	0.5890856539390479	0.5500931977634168	-1.6123118040864541	0.8453436489308749	0.8214032572228934	-0.4921628349274463	0.9887500884740409	1.236514617079139	1.9443367089711068	1.2979248305419362	0.273355068618886	0.2245971478104544	-0.16280636360761805	1.4044052192965228	-0.1383322189209222	-1.8246687403208466	-0.9341983643664777	-0.45469375983093874	-0.384408038469953	-0.3990169761993468	0.3379922068699854	0.523282911766887	-0.30139994439499235	-0.36110119336070656	-0.6807694773501572	1.5317143184893387	0.8195463571644883	0.14044504226236051	0.359654256134362	0.17076917290390406	-0.772903179940009	-0.9660615210054757
NPY5R	Coupled	-	Coupled	-	Neuropeptide Y receptors	classA	-7.410449708691076	-8.155140330108438	-1.9811395548450021	5.240847603581168	3.5323344970877115	-3.3227292008438867	-0.8631972323940282	0.3202435004086265	-1.6196833494755964	0.0027469647176903466	-2.570197957661007	1.2871645573128767	0.14336549991085654	-1.371651522548402	2.2673679595540657	2.6829004990634107	1.2855342222597173	0.518853849245116	-2.1398774382458097	1.6938460109261029	0.43702963444788784	0.5071373968358401	-0.40620546081363873	-2.2362205763340564	1.298331077996238	0.37869132519515425	1.3113264165077048	0.667671447217457	1.8027593715581873	0.9247096382249825	-0.23121620655503314	-0.004755957666878674	0.24169797155138317	-0.04663128572492119	0.4735637301022794	0.47083894344719973	0.8503793509609885	-0.20821274662318098	-0.11064349073600721	1.0233793691849338	-1.380965663095832	-0.47385780284639595	0.7760657085581057	-1.346948710276512	-1.4700189913270074	0.0075690325475220015	-0.22700660175805662	0.01910613146680189	-0.37692050873272837	-0.6931343173757586	0.15985455641380023	0.1386309739681389	-0.7930576278338489	-0.890474179527098	-1.2520652373095988	-0.5543304171364151	-0.5929180101482208
HRH3	Coupled	-	-	-	Histamine receptors	classA	-22.087951960709933	-4.898758859536879	2.3484324426240315	-3.149443868365121	2.1165863846494837	-2.0674237940102067	-0.14589029945201748	-0.8853273236839715	-1.2408448149044096	0.9699752264158695	-0.9689799089013462	-1.775901113169774	-1.0178971515670807	0.34387745859053054	-0.32980584934256396	-0.4649169559751915	-0.3534455910647084	-0.7521013281551896	0.8690345294438782	1.1097747621215388	1.2171896307779253	-1.21759245140773	-0.8235520986876395	0.19170263218847428	-0.32138265602475774	-0.6810141117381692	-0.24256233848043146	-2.3409737001179574	-1.0471698978558013	-0.10169491843748575	0.3839186436890097	0.7501761515145321	0.0903853688401872	0.1699183881549753	-0.888156162631084	-1.4144894032534696	0.04960653481614277	-0.11025453960184632	0.06875404116959646	-0.4069549319756515	-0.02940361207637727	0.7498520582305329	1.0071853086254838	0.2621046800311538	0.6043376425902508	-0.4493042065513621	0.8882666482791828	0.6910700144793676	-0.6283652842372288	-1.013163465855726	-0.6296885338940768	-0.5074177306553863	-0.4258974587300539	-0.40403518258436055	0.6568901008011608	-0.4689425471140714	-0.14400613492405542
HCRTR2	Coupled	-	Coupled	-	Orexin receptors	classA	20.0958306874347	-1.4467530392915828	4.971624546218738	-2.3732501778500055	-1.0618323531855023	-6.873044862502556	-1.9213825301535137	1.8425667658689913	0.3051423329138966	-4.91337320105262	0.3234088877710084	-0.1338868995176417	-0.04051329334738462	1.4241674852903043	-1.3871754982261983	-0.3711775022944808	-2.0780132897928163	-0.7159561799461637	-3.3701326869947343	1.0316784653353575	-0.43095704128003076	-1.2700788395445068	0.43061560427703194	-2.259890201046147	-0.11730622399648542	-0.6906509620595813	-0.6661651707723358	0.2875600873484715	0.8169465564994115	-0.8430631147479686	-0.5462167548253437	1.1452825073513557	0.20771355552798101	-0.6755337682335777	-0.05214269175449514	-0.7681630320241285	0.24822758780982934	-0.18119982454443032	-0.1289440216054528	0.7334389318350487	0.21496417971355286	-0.79165200186382	0.7737405920479579	-0.780227702445907	-0.26138906877598655	0.3072519436784667	-0.6918080406296075	-0.301641496179142	-0.7682418275022446	0.4609851336358934	-0.29075761406717726	-0.28752397905360577	2.038158224930249	-0.14209584648260057	-0.9888511440159234	1.1965582275324624	0.6868926217170945
CRHR1	Not-coupled	-	Coupled	-	Corticotropin-releasing factor receptors	classB	-18.534590568675394	-5.992286437381866	3.2546181847972986	-2.1870172929807707	6.56647870226419	0.18752674801760616	1.326870747517068	1.6846238272102196	-0.9163115620327174	2.3256514371676955	0.5230255886295696	0.024528557229745646	-2.3310822240612836	-0.37504214980544415	-0.4288452307086091	1.3267160406779295	-0.4578696333421961	3.252847858500744	-0.598314704393594	-0.8185894956456815	0.734624526706733	-2.5255896111543135	-0.03524171357886884	0.23111551566256466	0.11392832861980971	0.5753995613261774	-0.35566351530055335	-0.26993277072953104	0.9157478668055827	-0.5612065784141261	-0.7804059823630433	0.9839650847098642	0.18378741100907786	-0.6395714219765111	-0.6151435225819171	-1.554824057435619	0.8895928077510613	0.4220794116647594	-0.0768672599709554	0.0926208109255958	-0.756701737309079	-1.6831678864366053	0.46485069147024777	0.15419399993792968	0.5642214603278237	1.095235386044982	1.1627321146843497	0.38732814414715033	-1.3511182722688495	-0.9032512176583042	-0.40491692644494065	-0.04666920901390636	0.4767195052466796	-0.7528290496677985	-0.42323483005261003	-0.9120365626747944	-0.19475431911705893
DRD2	Coupled	-	Coupled	-	Dopamine receptors	classA	4.577517775362034	-1.4562661177977658	-2.8147682784896473	-0.9138821246415281	-1.973012027288234	-1.4751903457190259	0.16927245718366118	-4.657547737419271	1.1402796342932697	-1.4145464292667655	-2.751414881168145	-3.4524334335201505	-1.1518172943039686	-1.9107028424670633	-1.108696423597571	-0.046427566493637384	-0.28904744123904413	0.5171129727333366	-1.5294612542047679	1.8698334877288665	-0.23903301319509693	0.3345996775607308	1.4632205099789926	0.7512217788318911	1.4376300149408638	2.0646993967684306	-3.1038346031697714	0.7990207795355124	-1.9537528325089675	-0.779977977518827	0.5144086196165265	0.6580118299876778	-0.8401425379583081	-0.5372430864630848	0.8821190714191778	1.0420263084890324	-0.010748751752008649	0.5199981362246492	0.6189480529723507	-1.633672898419709	0.6354965554601085	-0.1810232213321657	1.027432610247483	-0.7185827250387117	0.22133346203584586	-0.9264307209691296	-0.0690095665995481	0.4871692216108025	-0.69709264276966	0.9243599703324017	0.9313436805556926	1.6800292787945401	-1.312446519448564	-0.12643633665299583	-0.3639133949974381	-0.29566057654160144	-0.8342789716324003
EDNRB	Coupled	-	-	-	Endothelin receptors	classA	49.722260659350226	-0.5980062837248507	-3.4163630248355354	-5.887413296090869	5.575414752265643	-0.4390983376703859	-1.1568661918384227	4.418563815394662	5.8367905194316085	3.1479948149774897	4.915018256614664	0.061321242067540076	6.356758798317018	-0.2409340882735901	-2.282929540918314	-2.2886978424697175	3.6700966356733566	0.4938774474685532	1.512839325780138	0.10120828507384147	-2.143784254844165	-2.06195981013605	1.4323313553317256	-1.0294871106927537	-0.8318268255575436	3.710494644172132	-0.40042656629329787	-0.15781739157940272	0.9355529417251959	-0.7736849806136902	0.07629659140386177	0.3195104445350826	1.3199481877136692	0.6500793370241583	0.567802204355458	-0.41500933001427376	1.2109051247272662	-0.5119388687289108	0.39282432148937063	1.5546193280198424	-2.184915974933937	-0.7257479659797119	-1.8662460169409953	0.8178984691604075	0.16137235929679314	-1.7033803840342567	-0.40425581426582646	0.9231414531454545	-1.6899791631711414	0.320627722848479	0.6221711241514909	1.1289669869438266	-0.3664190313417543	0.03747989780145635	-0.2564384403887984	2.3979218391971586	-0.5287932021543574
GPRC5C	-	-	-	-	NA	classC	19.141781607422807	-2.8778358903240653	5.195279379732722	2.7765923619736927	-3.5106468914401816	-9.172013022414358	-0.14087182319888858	1.134608997780587	-3.5222768476606725	-0.9780367169451385	0.5065021310449763	-1.2585737268825392	-1.664860964571794	1.0489938971413664	-0.7032816262704152	-1.376319706029523	-1.674093208095774	1.3601393264571262	-2.5771762600172154	-0.51076760579883	-1.1616389066946515	-0.4787183956036458	1.749757563876988	-0.7959048617257507	0.19735944280371742	1.1194767927173992	-1.558069090926526	-0.08051558283042948	0.5292803981434159	-0.016427029697489083	0.9114056560476599	-0.02343783805949789	-1.595902247072729	-0.46768712827216663	-0.09355950893347377	-0.3887053100806375	-0.23475772775316556	-0.4360548456751022	-0.7094581283744784	0.6622474752651583	-0.3170047283392051	-0.6072246154939457	0.17422417999104664	-0.516883816068653	0.19105698424257395	-0.7015038407089984	-0.4641301273435903	-0.33283226238012775	-0.20873864454311944	0.26831797840154126	0.25071983250577734	-0.23402322783381127	0.8147931243278531	-0.14182587191104568	1.6652787424431876	1.6943145580066106	-0.13376014245995899
SCTR	Not-coupled	-	-	-	Glucagon receptor family	classB	-4.461412576438875	-7.183134943306282	-3.1657260362154536	8.201453464555575	2.0777761409549167	-1.242567145805242	0.014132810601235984	1.3507751267988402	-3.3788289611546003	2.797240004818721	-0.6493757893604529	2.5208074614411125	-0.5102073224548798	1.8385267856993972	-0.0930188832651773	-0.7944147735657026	0.48871816271903984	-0.800648637944947	0.9321110631066453	-0.50985994700349	3.304641613551308	-0.6896934602956976	0.10086098416406426	-0.305258238940343	1.1301744172683132	0.3716419316632928	-1.114956368947208	0.07380531636608258	1.5207392408508695	-2.8136874697029253	-0.12801043652746907	-0.20498299534115122	-0.9152119963816662	1.055159040037425	1.4121845699300832	1.7480441227112375	-0.25125668174560234	1.4871389507353723	-0.9846322423649443	-0.43257930799783884	-1.3259489080246054	-0.14681955060940233	-1.3711857802335572	-1.2705199741654334	1.0775239409673474	0.8494096869212753	0.805705099692627	-0.15703715971989807	0.2909200580695327	-0.9908316592646061	-0.7384190254763059	0.5688078536797812	-0.8210190717439587	0.13816263257627984	-1.2912893485384005	0.14498200621853288	-0.594707527881174
HTR6	Not-coupled	-	-	-	5-Hydroxytryptamine receptors	classA	27.606972230886196	-1.9102959389794862	2.7531898531959587	-0.5545831970887105	-2.644122903262621	-6.858607092363001	-0.12060197145412054	0.6591248034226715	-1.4116139279798992	-1.6477549232753637	1.5330228646041952	-0.7111685891711723	-1.045517854451723	0.41475900558365186	-0.680691707017852	-1.3158272198904977	-2.008711986509809	1.586950486848532	-0.4877696258872117	-1.105156694086144	-2.110958763174956	-0.9373750719032264	0.8241017775225236	-2.014881565273892	-1.460611134952715	-0.9323114163354405	-0.42624440757020726	0.5804164298628437	-0.02873378351694539	-0.5431265117480153	0.3818559587289162	-0.005108227808222598	-1.1611322086150133	0.10415260289270196	-0.343789443396986	0.745033431788143	-0.4804311926753525	-0.8297504467513993	0.8408890730030832	-1.1046959385877695	-0.4202850258080757	-0.658201947175017	-0.008510551826810191	-1.0428551342509464	0.14701469503573913	0.9600425426163091	0.5709312875547993	0.43417884355045827	-0.6458079595828006	0.44762091168974427	-0.12490191124392347	0.38392514959373003	0.11297968402224724	-0.155828245017976	1.2157722931854666	1.2360175491262173	0.5472437572163379
VIPR2	Not-coupled	-	-	-	VIP and PACAP receptors	classB	18.24570315231982	-2.69164808762665	-7.855124747062884	8.819950679066883	-1.6339912013081157	-0.13540916366762198	-1.0469452346365788	3.087256472358198	2.1478908673628725	-2.67385220655454	-2.5328431925117236	-1.0800280272732923	-6.022763752368269	2.7355117990338345	0.4899599348896697	2.0862942060730902	1.5073124170824739	-2.3307696994042297	-0.26994404316994575	-1.2678994296934494	0.46530400018852547	-1.5419886214624872	1.718659572327452	-2.3829405488805344	0.7611838090510622	1.4761992634309267	0.5983633771207286	0.09619683430560177	-0.6631397022291472	2.7526975723588807	0.632902246882436	0.062017914368925425	-1.0237533174227011	-0.2712361784111574	-0.46700402691654225	-0.3733727581670467	-0.5078343224762909	1.0964951837200254	-2.765492205423514	-0.2972509276744105	-0.11288563502989152	-1.2494739371256507	0.07482282150144656	-0.8933672727957934	2.2914688164928587	-1.2915328119026317	1.1618471394928624	1.5877082455680664	0.5323814684409215	2.2322641506599807	0.0037083306942257777	0.8898035827106099	0.04253033132063777	0.190029187210643	-0.5533874291019703	-0.664123217168291	0.6697515517979603
GPR150	-	-	-	-	NA	classA	13.019559071259689	2.0735961706094628	-2.5212172253659344	-5.339903374992821	3.2412648805694926	1.9017938373928096	1.6695145913345382	0.3636955938832513	0.027177928705319338	-1.2203558589704546	1.4522430107150623	0.14309076695545567	-3.6100864921556286	0.25908546663353754	0.44195343814048427	-1.150478140425446	-1.8090391166086213	0.9134991444980576	-0.8660264638573839	-0.5779459626846519	2.093758865144882	0.9686626113879774	0.137830837488601	-0.7040629856689158	-1.3904375788590524	-1.7197953024812547	1.8628641610661676	1.4042136649804517	-0.5573101217652467	1.7588537767784516	-2.1760939896872076	3.016977302346411	-1.0720538408131257	0.3338539906806429	2.164625944306013	0.013617814882048319	0.5399922390541817	-1.6589372439518135	-0.7326527394289722	-0.03938576251267672	-1.5607204699479975	-0.8169217818995235	0.6570839874676346	0.7975996583524978	1.097219269282409	1.4749007258164746	0.8095877160386322	0.19802060484150832	-0.7896834508287154	-0.9276477827152319	0.7042200875933221	-0.6324140468886701	-0.3987530399504521	0.22671061930550188	0.2914226401555463	-1.8339937760165685	0.3167269644987944
GPR22	Coupled	-	-	-	Class A Orphans	classA	-8.143814881173073	-0.6939979897876084	-0.1479229686402551	-4.696946502657946	1.3855563598103993	-0.1559135008657369	-0.37241030004022724	0.014277823639995276	0.6677200768625113	0.6655933397030435	-1.3126981381452536	-3.138001463140276	-0.632399421115786	1.399989248002453	-0.057608791999411234	0.2716688955655085	0.3329116150358135	-2.0305282062259207	-1.0283418143564005	-1.4959185560492825	2.3219914954360723	-0.2707592227204366	-1.4664431345642246	2.093748435646484	1.7934082657039065	0.1946327102175578	0.01320245065484412	-0.497473613562056	-1.8550463102011425	0.23196459577502263	0.8045913082587592	0.5518990539112533	0.12806851029024888	-0.7485924960788948	0.09014880115596077	-1.2025000120421658	-0.5297365939173733	-0.9655131103055479	0.10861326350054705	0.4363895499172464	-1.6110062683907542	0.14317594995803584	0.09659545589054906	0.5436778806212981	1.6317720456824152	-0.48909526152614213	0.08134525432816335	0.5004580116263149	-2.0558696471211446	-0.09454961697855266	-0.060267449905671414	0.9045475494887792	-1.0425424972168142	0.18437260679017947	1.1035967958342419	-1.0222505423634962	-0.6544028945330346
QRFPR	Coupled	-	-	-	QRFP receptor	classA	-27.919968777151706	-7.5817959381626014	0.9697188301899838	1.8604963123335916	1.0073240974867887	-2.7739178850171666	-1.5611393751339455	1.2279363604721916	-1.1567219097092873	1.3369666012253678	-0.13496000216181994	-3.9338274934055977	0.571700224782254	-0.4535163018723998	0.055605437063075344	0.09721895894327243	0.7568228370650273	-1.859482451334526	0.8993378995348718	1.192705478819764	0.9666637243431699	-1.2556726863558172	0.4820362517642314	-0.2417193595896354	0.9579017243973169	1.7354515301823177	1.416160693620479	-0.21505220187153612	-0.13038900207130297	-1.318592402943746	-0.3923311224520984	0.32250393044245246	0.5299555145082693	-0.728932482964384	0.5323581770492269	-1.4757827956755836	-1.3202207930784706	0.241220263650908	-0.5072735505976811	1.1499222843387744	0.03546142607321	1.2266607615830984	-0.45946845391630525	-0.6683523507829531	-0.9673859993731856	0.8604842557747089	1.1435394060220436	1.1967025560972395	0.11347359091487952	-0.07824017848629906	-0.9636197284018448	0.24153233358811654	1.1774792938376475	-0.13407940227228485	1.3438057899088995	-0.7473931962451027	-0.04559409304837438
NPFFR1	Coupled	-	Coupled	-	Neuropeptide FF/neuropeptide AF receptors	classA	-30.90331173745778	-6.56737035997431	0.781083370550526	-1.3592053226440481	1.548356704747508	-0.1141222491385451	-0.029687103594550856	-1.1435941580246491	0.6083644380668481	1.1708250274503909	0.6615747760820745	-2.811726569193977	-2.523972839798419	-2.9627014840316908	0.48277713851596066	-1.0757142696000286	-0.08034250727228356	0.43447660374837554	1.1630808102935388	-0.7734725344301523	-1.428308573915608	-0.3706990784545551	-0.2834402183324617	-1.7315353945991723	-0.05101473241915344	0.8231987162887812	0.742899549568486	0.6257734298597746	0.2999037818323859	0.39666847376778097	0.6205993736211797	0.4362571386098345	0.8941252562554624	0.9006499153002905	-0.5518330910247435	-0.5092172471185157	0.08790682074672147	-0.3972075687694614	0.6674957131176461	-0.42411730924400964	-1.5640303047879833	-0.33252996472592417	0.4794135781952212	-1.1759903808147334	0.5904281009628528	1.008796460152199	0.1525138030573975	-0.46367618136920685	-0.042697415983469794	0.05301406131056564	-1.6668324997401713	1.1805723893745137	-0.7670217983243413	-0.13059009036001956	-0.07089632777193765	0.018748682562341735	1.076921303404728
CCKAR	Not-coupled	-	Coupled	-	Cholecystokinin receptors	classA	2.248229990996216	2.132948406028539	-1.3410615589656392	-4.747058123005141	-1.2323601274987475	1.1375860965717277	0.44484477412580714	-3.4217230437985133	1.424389683895787	-2.6721391283407563	-1.9864659413746681	-0.6050272262617539	-3.685893337419824	0.061375786671384734	-0.34420442334864537	-0.5080084835413458	-1.7179120812471522	-0.2673457533872514	0.5957048490146911	1.1482965784307553	-0.4732137749928235	0.18835285936563523	0.803083675585208	-0.7411386220846635	0.7880868834398832	2.3901329071300372	-2.4178725584476317	-0.6503501477717668	-0.9209423594734402	-1.015909030281336	1.1587693294011043	0.4421617910814847	-1.0392107591085689	-0.860398835080334	0.9584349858941389	0.45713535744117023	-0.1294996114400142	0.5896228445602476	0.08108251770403559	-0.6703673033356722	-0.22475420562456183	0.6908366280681771	1.7691878036289037	-0.34643425039777503	0.44319673882860194	-1.8355854713097415	-0.13404409431442046	-0.2526237533540355	-0.4791478040389214	0.6813861092659735	0.8717345907466364	0.6695671744302192	-0.5177905362567236	0.3126722266519819	-0.3797042212533418	0.21021695864541248	0.6455942719506178
EDNRA	Not-coupled	-	Coupled	-	Endothelin receptors	classA	-28.6887199433761	-4.843454880169576	-1.3766643107033478	2.0920250362641712	-3.371969281125608	-0.511301777050944	-0.37796433244538175	-2.369827312622888	-1.2117422778053657	0.3534470615919225	-1.861458537091878	-1.9782313567901217	-1.192901292749511	0.2491170162904243	-1.3552043660960746	-0.7955864315017573	-1.007581910900637	-0.5325206613342216	1.5398190854371943	-0.24658785407934142	-1.4478755535227146	-1.357472424623643	-0.5103795451427788	-0.15783659433691183	0.52438981685287	0.1883085197758833	-0.43154781122664004	-1.2848996487730775	-0.07984162823401265	-0.6272284337429369	-0.7437739655513895	0.5936034510779251	0.08609611386219362	-1.0696767854931868	-0.7284369432268841	-1.2077143767062206	-1.070405354696373	0.5508107650235581	-0.17791652003449634	0.15926733085696174	-1.2299593566126772	0.3012778013514011	0.972743676132336	1.0768320379967236	0.20294090704016737	-0.4959419599791218	-0.056853479173539535	-0.8174154452866295	-0.4492777348134753	-0.3685809552958741	1.583375852899886	-0.03386508706723791	-0.11784417558260302	-1.2666423040534185	0.32350091053645774	-0.0852353739547949	-0.38418896577060135
NMUR1	Not-coupled	-	-	-	Neuromedin U receptors	classA	-12.843812544115446	-4.784505322975633	-1.2301040832339085	1.3171025856385525	-0.43300784115903224	-2.7635787721377167	-0.6795538885291638	-1.1753324896335404	-2.1921307764748463	1.9039968765988595	-2.8733005211335203	-2.370543681304879	0.35188901088392194	-0.7923365966593496	0.8457616703121216	0.08909617627917152	1.3419511430259563	-1.1000945314559762	-0.27572764479496614	1.1740644304364902	1.5443058861114387	-0.4277632986961867	-1.3228424529961067	0.935520843976121	1.3455302973220038	-0.4863047530628224	-0.07657204603701848	-3.155703762694821	-0.48268063525424293	-1.817865646013585	-0.185582238883264	0.3797124718996103	0.6119538869240668	-0.26725607898326903	-1.6738789420533398	-0.32888072774495797	0.3234907042800405	0.3217291719584046	0.3188110839464549	0.04821281730935746	-0.7094964168374592	1.258646523058623	-0.07015702883066612	0.4295501966388537	-0.11154043020726563	-0.24856044188920554	0.46605567841410217	0.6687076504189464	-0.5832795864863927	-0.5182645059731065	-0.12617372195360352	-0.08499266980326774	-0.23274565720700016	-0.6384485853843357	1.017036231585014	0.32240020607316144	-0.4591613857449787
HCRTR1	Coupled	-	-	-	Orexin receptors	classA	-7.071021498008031	-1.0146695093929659	1.5231892620428427	-1.632869506723875	-2.5165370605933366	-1.110851615125623	0.8244700618278434	-3.6445591832341866	-1.2404534810435324	0.7832364885197959	-0.7193787090891629	3.0061054850801376	-0.03226346055063874	-0.9960190951448328	-3.238705242429379	-2.174291480314063	1.804994843118338	4.073721919619398	0.7955968307167588	-0.12618792772282256	-0.742206867104721	1.2341407009182772	-0.39040202825179315	-1.8546920721817723	0.6411174907353477	2.9984785585989884	1.4530778361016827	2.4509085128881765	1.2224153995712927	-0.9162240611168182	-0.20630965147233696	1.7383947121925005	-1.239901669578075	-1.6167988529048778	-0.042027188424470466	2.3634087076790347	0.3586899851210034	-1.8082955240918273	1.3631812747116527	-1.1300725444368895	-1.1558717250490624	1.7089333556369952	0.6693463536659958	0.5509234923747264	0.5207132701702477	-0.054579288531554054	0.31583933178688095	2.300239568891625	-0.31401436014357065	-0.20199555835427738	0.23374719515188017	-0.18465745194808122	-0.732160065870867	0.3740708405545014	0.7565010700561756	0.8380714705460244	-0.3285213607959429
F2R	-	-	Coupled	-	NA	classA	-18.53845770507238	-6.681096699296133	-1.1321089112077904	3.808919282088463	-0.05739852665684359	-3.534850034118671	-1.2788832469553144	0.8607696274900791	0.19732503760959585	1.4896791226872792	-0.6674792942257605	-0.7747112592945556	-1.8876429658568057	-1.7023430545060494	0.7825699358255359	-2.8063142544783393	0.8784333595023157	-1.6202906297365574	1.0311953619268457	1.083782983845508	-1.3894010386466906	0.3207286632059038	0.10999837486074956	0.4700365103239793	0.39306355836687684	-0.9144328660692472	-0.3769306143835739	2.7731532649499595	0.38790639354681494	0.49213126504228283	-0.014283662244457316	-0.5485876807701892	1.4498970084475964	0.02942462792616502	-0.8708434811287256	0.036914436197381224	-0.8491187002840004	0.947524558771865	-1.9975475466339216	-0.8861507809515987	0.038498793327185664	-0.40000407011916905	0.32232397156327774	-0.6890758514350028	0.401695224213759	0.20162408395746198	1.7347721328001373	0.09960238214733937	-0.3491612183956758	-0.7663544948176149	-0.7368830420123667	0.4188967164908442	-0.7924327946859815	0.06645312054569401	0.268025236472246	0.42842553951876877	0.7706840981581451
AVPR1B	Not-coupled	-	-	-	Vasopressin and oxytocin receptors	classA	16.254856072511917	1.6609097493305385	-7.730059045625953	1.907943436725517	-0.6903780674210915	3.501193557746746	1.6804169310771915	-4.483595341606329	0.9505846764087769	-1.1974729385646516	-0.7727335666569141	1.1517136531907728	-0.44553256436242855	0.18191380324099435	-2.0689704292255744	-2.363491162055288	-0.35058091120499846	0.4535222534939746	-1.3809010463090432	3.3230801419586906	-2.2443203661467566	0.6263592701946847	-1.1524114332038757	-0.47792414707016545	-0.06906890571674709	2.4469559759866475	-0.5064453958420219	0.7415835015591573	0.554708538545595	-1.2215254860018714	-1.0991585077373855	-0.16596633559030902	0.8186108664185331	1.7110340803153132	0.36170403158522885	0.8622162507270803	0.6670051264927352	-0.0325243636326166	-0.759379038405511	0.3398757446245471	1.0023086486386936	-0.2966830582744692	0.47617001502237494	-0.622210972163408	-0.059921636070407173	-0.7086703415166591	-0.7816481558734187	0.8063971870553323	0.8376608114625975	0.5145631586603081	-0.28726106076236496	0.4800445509573736	0.026118887184552655	-0.9485234266356768	-0.3545205790709525	-1.570111872701755	0.07196783753983624
OXER1	Coupled	-	-	-	Leukotriene receptors	classA	-25.979605940071348	-4.315609350655464	3.757286370037195	-1.0037888587730521	-0.18871272759843943	-3.150900458167102	-0.15266200637225638	-0.5198615734743267	-1.2029624132242098	0.8502450277405469	-0.933055762623943	-2.0585841680927395	-1.0961520321711689	0.135218865384455	-0.9823458290923391	-1.1854858308702017	-1.4734267863782762	-0.8615687549229052	-0.4239509877534895	1.884019814227578	0.6567500372315864	-1.3019870661553425	-0.7686966806477372	0.7837034980031204	0.2017161741494733	2.1536333253571174	1.0976888667329976	0.6696489528429053	-1.6512736120216678	-0.9711450776046259	0.9094964713312711	0.5803780617307485	-0.21407900980550626	-0.7287863545089277	1.2986522510293943	0.4657361872964047	0.4156278456226393	0.5849602067556356	0.4346618857208228	0.5652822022233257	-0.22478814429442084	0.9704089188346664	-0.5367229993765792	0.5821182805110124	0.6683719083223996	-0.6354803571161708	0.7515360051294494	-0.4793669513101625	-0.2933609074422638	0.38361443780749155	-1.4191813169358025	0.1356342973736101	-0.958987993652148	-0.29359236468041255	-0.5855171251605955	-0.5158029652117456	0.5021914495476496
GPR83	-	-	-	-	NA	classA	43.81206522939714	-0.20214182208027504	-1.1023672086943246	-1.1455224356987166	-2.712729853593681	-5.281997633482779	0.1124616290487017	0.773570743008698	-0.27961986748268114	-3.1508113852933337	-0.43379113207805803	-0.34028273984406476	0.12011639462328215	0.20124607998341495	-0.37468225683694983	-0.9783116054873628	-1.5341652205687788	1.4639495952511676	-0.31076515707264096	-0.2922068908228414	-2.415985523895787	-2.2180774903710345	2.691266419135571	0.6269975834690392	-0.5669654636457319	-1.1872747015946763	-1.684391632016519	-0.19154775414914488	0.5171260377376227	0.07324191541292466	-0.8642034184903047	0.9126061384628016	-0.22253200758179636	-0.2615744168303403	-1.3169294479644127	-0.12778354718853724	-0.4462152674054398	0.515350737137239	0.11045740851719997	-1.0748795735522463	-0.023921772629501646	-0.9327309202436749	-0.11563967296980417	-1.1990486663585742	-0.3637195151242307	1.33222370982301	-0.18003264453151505	0.073395205393399	-0.5000911641864796	0.930391814054016	-0.7795333339888034	-0.8941614854658175	-1.52739623235417	-0.0820278483217216	1.9602167748384876	1.195720598786186	1.2399152297542095
GHRHR	Not-coupled	-	-	-	Glucagon receptor family	classB	-15.264269268164423	-4.009356419659124	-2.040780659916019	-0.18204980277298302	0.995464727725588	2.4841103729809286	-0.4507349265124835	-5.265055453526159	-0.4072718827408629	-3.0901270620780585	-3.1694578080099163	0.0015172334678253724	3.597134242031613	-1.5006371623803383	-2.2950707979993292	-1.8355378622915155	1.25227828890393	0.5170237128882552	-0.5256192114910877	0.7105367593950841	-0.8965078416202414	-0.6646362631814255	1.0618861647678202	-0.6205299357787776	-0.16389186775155035	-0.7799945108475589	0.17915103412350133	1.9533328848202605	-0.7492503027515195	-1.100041201087858	-0.8930657661760794	0.9709474456773937	0.19631515569507324	0.920687179529103	-0.5816815705032738	-0.8959344125855268	-0.9434284834432151	0.113653351321687	-0.814763308528158	0.03630378495274951	0.9830731827110326	-0.548486513352251	1.7589487718777368	0.5795965063074846	0.019350367855525047	0.6474397369871571	-0.7779642891062007	-0.18089996037459732	0.19027676279153882	-0.5144178793740508	-0.2691336037851961	-0.21833430911635868	-0.16688006955378587	0.5007555117115208	-0.5784471690604932	-0.4363764017241797	-0.8130537566909486
MCHR1	Coupled	-	-	-	Melanin-concentrating hormone receptors	classA	-13.04487315763761	-7.008486598200908	0.719592741221391	-0.34874183651990254	7.6003860629331825	1.2336898082811387	-0.1654133397233232	1.7466027214356528	-1.1693908703067533	-1.0958729777963323	-0.6122654076344082	0.9000693020070185	0.944294421832441	-1.7813935912948415	0.9141891220658632	0.8768695791511533	0.4047867396179914	2.8953608007619676	-2.3269261740881917	-0.993486688744867	-0.41134565522726535	-1.2506588397913208	0.19557787299034657	-0.2557455259769914	-0.6230115043712359	0.1827871935084499	-1.5626740153951517	-1.294328003782612	0.11168694915387936	-0.22427239988042297	-1.3729483116468197	-0.2155602688914005	-0.5186789206560954	0.6250765697250638	0.012032883173233746	-1.0717936060841402	0.7340578274612639	0.21013005531847873	0.24109677489804685	0.33788683091745014	0.5865279720905322	-0.4514363431452649	-0.6525623703668624	-0.05929101651239016	-0.3694167011127825	0.8595611843447116	0.4135532648282345	-1.193532144666512	-0.11182030511751767	-1.5219303921590803	0.902923232660229	0.8327229146344616	0.6409159877470091	0.8766943897749242	-0.5332434473065205	-0.4120269841983397	0.5369071488772563
HTR1A	Coupled	-	Coupled	-	5-Hydroxytryptamine receptors	classA	8.560793026303124	-0.31381728365131906	-4.509202211137033	-2.736397586369013	2.3674768118686393	1.616191672982595	-0.09816474395590967	-3.261169124672676	3.943830969740021	-2.1410809016227397	1.6571581523663192	-1.5271636850145094	2.8886481075749018	1.057879134545049	3.6792554541169324	-1.247720010126212	-3.182897058483823	-0.7670403323833479	-2.7070842046668058	-0.044457811657431366	-1.4117754450995166	0.5439029424651972	2.4661135137947605	1.761053146021371	-0.15461855959885942	1.8582230510408155	-1.3434551617891026	-0.16731459617251818	-1.7934905188896355	0.28685689123648694	1.3412797853970737	-0.19050969755164368	-0.09512587956543067	2.0028377174626133	1.6656269930014842	-1.004470739973313	0.9224195272476295	0.3166470902328987	-1.3570272255906717	0.004860462183608747	-0.23231883709518947	2.31066427958145	-2.895211438652774	-0.24226959309968246	-1.3245795133229137	-1.5016616888366592	0.3379141847812822	1.6013028492168706	0.13945083294106908	-0.5626544396181696	-0.6145711617136547	0.5589006743077118	-1.446940475722605	-0.31133287734667253	0.3910907019557471	0.26201660800299204	1.8990351630608584
GPR151	-	-	-	-	NA	classA	-26.469322271292498	-10.100817552776778	-0.43084923459500907	8.47988520737114	4.8622384712679665	1.8099723340842986	-1.34182820213996	3.6452338509628075	-0.7078572717467142	-2.8902468841514897	-0.09825091356726232	4.056530648813643	-0.37314754593215765	1.4801022871164344	-0.12330893647897276	5.625366697899012	2.2371928721943486	3.4877236698885388	-0.19658042269708784	0.9666648584313166	-1.3078055075016493	0.7199365223090987	1.3483268789123337	-0.18869064978300545	0.20983753105224842	1.4028268906486885	-2.539486840042632	0.2610853763580504	-0.7345797113969974	-0.6082248992577186	-0.8330291434387939	1.2367110198025788	1.2557102988434024	-0.535220239878149	1.8899497975634356	-1.5088582858494402	-1.2926884739578173	1.4372494773641797	0.4036049309720649	-0.20441403455188564	-1.5424206682716382	-0.9497539890081801	0.07367950236352654	-1.2689531053767733	-0.7913173546374451	0.5812812907982795	0.05248444345608408	0.30812097179623227	-0.19088656259236458	-0.27366571246617233	-0.3055980547560291	-0.13896236067171922	0.3404851481854315	2.3195484762458953	0.9670870627839461	0.96354702142462	-1.9286767264478275
DRD4	Coupled	-	-	-	Dopamine receptors	classA	7.2237756431323366	2.895055484587681	-0.2573518772798914	-4.74936723355419	0.759665019099902	1.757498543437218	1.6850994277714977	2.185925850812529	-1.6085804290036942	-0.7631493679255164	-0.9941915135744901	-2.528840762508922	0.04344652282667472	0.6938240460273739	-0.6020103112871037	-1.1605250970858945	-0.3464760444301814	-1.9400772689350088	0.728086406845543	2.6103580672912714	1.281920841864308	-2.326329758251927	-1.7842818043036541	0.022828235006665157	0.005358181375125246	2.847443769242538	1.048047923430256	0.7129399025568083	-0.24459734110114323	-1.7903814802136642	-2.5540798800029942	0.816154091131441	-1.7782551011906749	0.4576677434974046	0.5906206811419689	-0.29741396965132927	0.756411168835245	1.133706386559869	-0.07261615582198729	0.6184306900606107	0.6929443955577681	-0.13576356848469587	-1.5526154536194872	-0.31819974839996273	-0.17452762876984362	0.07138637747111262	-0.08459588544190079	-0.10000666759299581	0.33582488414220923	1.281330222875961	-1.246674245085457	-0.06844448928098375	-1.2156616383178884	0.3176318064598495	0.25591356594354003	0.33272209154871435	1.9427394526408002
GPR63	-	-	-	-	NA	classA	-18.787559616036003	-2.8697000579572536	-1.0126339365336419	0.9449870010997214	0.13546638252959603	-0.7541897804464532	-0.6071878863472577	-3.016778504587766	-0.1150783581757915	-1.5731657362936988	-2.305626614693242	0.5258901766182091	-0.2660088710341332	-1.568518900385365	-1.0300560572400288	-2.046450721583259	0.7166050960565079	-0.8961427667892358	0.2150328853503568	2.384305478794355	-1.2599059955760992	1.817318237478243	0.4090614759992621	-1.2715264970631268	-0.7955121320509649	-0.7027890678837935	1.5564442536465921	-1.4984743916247993	-0.8718436839848275	-0.9974094261462616	-1.7374236439080217	-1.0119130678692636	1.7219920008017517	-1.6327731486034347	-2.237912150531371	-2.629718982996373	1.0007649932371918	0.7741583792410369	0.8150210100453149	0.660111983726366	-0.9343105341598835	0.4836226122624118	0.006508387102452073	1.3914546765271347	0.5582272904499271	0.5212012765922444	0.5871389253536129	-0.06018888152352075	0.019762471889949455	-0.6232839517672806	2.2105650274823865	-0.7604349092549663	0.20028858639559952	-1.1708193426649078	0.1632594451473964	0.4747014442875649	-0.060968524469769914
NTSR1	Coupled	-	-	-	Neurotensin receptors	classA	-34.32278924535897	-6.830899105161453	-1.0435380749166623	2.1525593822032123	2.117569015518195	2.966486915209818	-1.1434061239688393	-3.330137424902133	1.056075076795833	-1.843957458979601	1.8526951098147875	0.8904701671292824	2.344065548277096	1.979309112369276	-2.69299226978245	-0.9453335781539433	-0.5081987622712018	1.5954365583025256	-0.04719235025307736	-0.025520474086007345	-0.8476105564845066	-0.24767803595264815	0.7483578516652933	1.3755603703763044	-1.7136191726629397	-2.6976110385161607	0.4057359030080651	0.3403185881525949	0.37889803075528283	0.7179420277847289	-0.09937446342345357	0.06715637245173889	-0.9980137222467578	1.4812350179225646	1.508780742683531	0.044431994146077396	-0.040100180594601006	-2.06258334788778	-0.7458097796785682	-1.568421062585399	-1.4406972022151374	0.48437314300000545	-0.5361458083721413	0.05997212274643573	-0.2565602431273054	-1.2521422518058	-0.2915267847855986	-0.08782977982777136	0.5259156104869596	0.2671619119947949	-0.38393087483082644	0.38532055641984614	-0.21542324054051568	-0.17297747851876313	1.1284872309662404	0.1669594743039334	0.32832053374227393
SSTR3	Coupled	-	-	-	Somatostatin receptors	classA	-22.199559084901125	-6.232759807181858	0.319735143065657	0.6791465814434232	0.8381169200740214	-2.1525783790173	-2.0495720643876267	-2.094765257687444	0.6617007945380003	-0.8925181856517109	-0.99238833343924	-0.11188489372352957	-0.7045090946234588	-3.725242328608828	-0.1192967396235522	-2.0609576872927313	0.4698005324729293	-0.9914082524755164	0.27105971102074106	0.45270926280659296	-1.1336425368067913	0.9168884247054396	0.14956183980351978	-0.6874378892806106	-0.009425318098049654	-0.21629905478854566	-1.0359943133166638	1.3833661439036193	0.4346679677893096	1.0388101529620033	3.5545930173495375	-0.8945564275871017	1.6797182521936351	1.0745718087771186	-0.8481187390567129	-0.43046870200856774	-1.3559908422144324	-0.8903070083352138	-0.6040949862489233	-1.129781323648291	-0.33287773367060564	-0.7986179362003509	-0.3839041077079985	-1.191462529687927	0.2959335215846606	-1.7188603603070036	0.7420100939542403	0.6535701832545856	-0.879635447174665	0.04856727148688979	-0.2734963937658311	-0.3405974052928004	0.19861009874691093	-1.0829532353276974	0.24114696697819843	0.6881811039728906	-0.3375214127704054
AVPR1A	Not-coupled	-	Coupled	-	Vasopressin and oxytocin receptors	classA	47.47706416431655	0.5359756431639467	-6.089825297136534	3.4640123401403597	-1.4147141823515084	-5.06426144733099	-0.1968526082846523	2.491019686697634	0.7890146889071031	5.034750087376735	0.8474832828251768	-0.6997282357608919	0.5087967020363291	-0.34443744035979323	0.7667913913682153	1.1234802106323765	3.1814514654466644	-1.9417062688819757	-0.6498142466185686	2.4965628069417956	1.0811402259850575	0.21337309817937897	1.2391354884085102	-1.347727820607361	-0.7950356607530489	-0.4689407304942033	1.5492613501906594	-0.7954320245908585	-0.38778812608428376	-1.6064850348055209	0.1594026271644717	0.7693058643490723	-0.037926893734259365	-0.8854652159539017	-0.7098788225787648	1.768257096532013	0.24043710251310452	-0.04324312487401018	-0.4641292905146304	0.2605029871710065	-0.9527892599304745	0.3119957515124762	-0.48800040975838743	-0.28827716263300474	0.32053317979308393	-0.5804153276791266	0.9516872428908204	0.3758796711463215	0.18778117744575695	0.15601075857009689	-2.0181199758442174	1.8618321024439155	1.1370249550993157	0.9065304482148556	-0.12121192821694925	0.047908063946553496	-0.9118111105427412
GPR137	-	-	-	-	NA	Other	-26.807712948344506	-2.7380388114080296	1.4721545865692403	-1.8482933217023219	-2.0396786725282023	-2.025922010202913	0.18140831224985282	-2.5047771607286324	-1.1403459363356105	2.0798083517144685	-1.0803485626143405	-0.9101243119272886	-0.6288599536931646	0.34142872660221146	-0.27631473789014055	-0.6498595292117068	-0.9361519813589996	-1.6416568844021944	1.0373797189853462	-0.2868747281603215	-0.772503691034059	-0.937648323202869	0.3249149590784613	0.3886319013954084	0.15578321577685597	0.4589750985362437	1.148359638001588	-1.0963879188065846	0.07920665379695903	-0.5666210001390131	-0.16534389986534506	0.5154691006888042	-1.666046057236026	-0.061017377532910456	0.09556504457824863	-1.8427449894274095	0.3426358531570996	1.1177595757468632	-0.04580138233136336	-0.21860048989751363	-1.4720155249002427	0.1818266181675721	0.290928289586892	0.34329510297484445	0.30939338826981555	-1.2208876521506529	0.27803883353410896	-0.08500994924944125	-0.6760922881825753	1.1938882936260085	2.326952472116635	0.048234330794836834	0.490976047446602	-1.308590173357893	0.7800516821875446	0.5812504421192072	0.12392305963316336
NMUR2	Not-coupled	-	-	-	Neuromedin U receptors	classA	-9.829913855714594	-0.5875148131379004	-0.23311134313197068	-4.167349792554004	1.3762724990014408	0.3024309789161899	-0.19995769104649916	-2.334338256609961	1.2780387874208006	-0.38577723652829016	0.20556275474559493	-0.6509217578510164	-1.7803853257018902	-0.03695577770061499	-1.0441162522872034	-2.021427343481632	-0.4539949705728963	-1.0955027177366778	-0.3562075798403224	0.17251887147553455	-1.9091392374622795	-2.791493139782469	1.5351957369768892	-0.4638668459791772	-0.12370575254407358	0.45202142419941227	1.761047055343469	2.213340623256983	-0.2459708043758818	0.500244045251194	0.5336007159826118	1.1241790765311925	1.3377505108079304	-0.32878426546037137	0.42381787062775295	-0.042718864790553326	-0.02731470840898428	1.0150467042845717	0.9683574882362654	0.7274773954814395	-0.00910807532530826	-0.24935008693864397	-0.4888357207880337	0.9795277865767819	-0.19202352664932273	-0.9148097264778223	-0.6661644125966056	0.5556965950555687	0.10296701364642154	1.4943040487940227	-1.2166423959498747	-0.15890965407257815	-0.426361000258786	-0.49521973224603155	0.820643994675677	-0.21916962738098644	-0.4083487098370924
GPR19	-	-	-	-	NA	classA	-20.240156930189706	-6.42348866162633	2.7187118893017916	-3.069204150364638	5.206938105728577	-1.9322498718317105	-0.19903732452113504	2.1004518341251113	-1.2580982656641158	0.6045611139458769	-0.6388001975297265	-1.079347178084906	-0.16781175995455286	0.020369193801458078	1.4744724617948375	-0.640205090929676	-0.43768400183249756	-1.8008614694828415	0.3103267442671597	-0.8508205654644478	-0.7566975214374265	0.6305721195812284	1.1543980041784025	-0.6101900138058979	-0.15177325005806952	1.7936527518454934	-0.10997905310221333	-0.061526707341026735	-0.9612101802147713	0.6634138369133843	-0.14771948717390357	-1.8868318500637327	0.29419912497660206	-0.9505974058360385	-0.5505797562289595	-0.06332208183437539	-1.3848040541444016	-0.2697477198463064	0.06327517079999806	0.9484564362419127	-0.16435358849127477	1.287247417590577	-0.08523666715982223	-0.4277995098078373	0.2542134437279776	-0.3519913791728108	-0.35436829119855284	-0.03575702030282692	0.29959213583103617	-1.1523108353394103	0.9202743570653891	-1.2017714554108287	0.6635258108145557	-1.3062846180224703	-0.7746108497933091	-0.09294196904303142	0.520387960189213
ADRB2	Coupled	-	Not-coupled	-	Adrenoceptors	classA	-23.900029497688063	-6.529810943138404	-1.3441602259240801	5.80333749705134	-0.987731720694044	-2.4960312178297115	-2.292092600841334	0.3238187575800642	-0.13446761187786102	0.46080370546042065	-0.7368139128326635	1.2031986290666603	-0.2764867013973978	-0.962230918461034	-0.713779525147251	-0.41286980866683437	2.722720671739771	0.039599063068783684	-0.680322752181543	-0.45107085924579005	1.5481552014406088	-0.11564159985642321	-1.1323548251191575	-0.7949118861795693	0.3143311445824706	-1.6681687772872709	0.3993432584611678	1.3193647196129457	0.9861569449145591	0.38794706657552214	-2.1404512263176456	-0.038243237561348876	-1.0111858963436453	0.41911443040121454	-0.7659698742418276	-1.5065158550874536	-1.1126638490064351	0.539649090294563	0.44642728898586137	-1.0901138361375413	-1.3298301102515804	0.1914108424300631	0.23088586817838355	0.7293212600525089	0.2420030456077495	0.25982702921436623	0.2616464085765177	-0.8041425732307134	0.6840370515904282	0.6622119567652903	1.1212218710061064	0.30149669032104515	-0.14998323464815186	-0.12194588367338347	0.9486127243230181	-0.1437989772848943	-0.5681556013457301
MLNR	Not-coupled	-	-	-	Motilin receptor	classA	-13.225918612651652	-3.751827006514101	-0.2752466684341356	1.0283892375139327	3.25816174694412	0.6466683764637524	0.06779617295394831	-0.21097544756690276	-1.5316635614948266	1.5835083524665927	1.116495858115331	-0.36244730015975446	2.3701709409951364	0.771367803869768	-2.55805586256188	1.3694726055953814	-0.6687051875879171	-2.1531365805242877	-1.1586855521894757	-2.6527269652880054	-1.3131565676359656	-1.095943962256339	0.0076601859109892475	0.6310730257125214	-0.6004415041242791	1.5019247754951792	0.632450913451313	-0.5761762277936129	-1.116644995827008	0.09548807370332785	-1.7258010264391392	-2.494161963447391	-1.370455681597124	-0.29701304819992946	0.9658230681570447	-0.17654125655463776	-0.1561381388434228	-1.1936185632536982	-0.9702116470407052	0.969694483939369	1.1395743510958303	-0.1107830404348262	0.33770146249392013	-0.3033307295475194	0.1482155657419235	0.916913553437668	0.3577777383491464	0.13679371884375913	0.5326241808082237	-1.2703399854621265	1.6600101356949557	1.173642980584968	0.5943027829971166	-0.5450805414177499	-0.6025170232733315	1.0825577717001909	0.736535477439055
ADORA2A	Not-coupled	-	Not-coupled	-	Adenosine receptors	classA	29.18067767563033	0.806711767030882	3.380942879307606	-4.357292550715061	-2.804927661344789	-6.9785487869384255	-0.8089908230185362	1.9980337296784758	0.24488046848091957	-2.823545637546195	-0.4950140617613108	-0.6418279231721605	-0.07275766020351536	3.3050585488116266	-0.11020900263828465	0.2020344375029715	-0.9089524516190287	0.2749227328603764	-1.8906404730483886	0.5931257403373937	-0.8987358934561175	-0.9532157721169622	0.5383583744399171	-1.4030793732763647	-0.3671858447701932	-1.6193492951745247	0.28392976440310197	-0.5517449259093112	0.25031275080696974	-0.5218765526089908	-0.19435206159127844	0.2569208638551171	-0.10070976960097446	-0.8677645639184303	-0.5037738582546549	-0.9131977926391086	0.24239294037955617	0.2135677885486371	0.06398777441668346	0.8433027544649191	0.21560488448550372	-1.3627448867567828	0.8282734289253038	-0.6624872441028735	0.08970963158185401	1.52520013868952	0.0914991893681469	-0.34904304349756116	-1.4247144655307096	0.07933738903456007	-0.5571397488545554	-0.24817316153924326	1.37526627926258	-0.30525652825227734	-0.8944116458748764	-0.11921828382741784	0.9943060046270384
CRHR2	Not-coupled	-	Not-coupled	-	Corticotropin-releasing factor receptors	classB	-6.097133843370716	-1.579662785371002	-2.810328740235752	4.78210295750571	-2.426883427399238	-3.1511258565153977	-1.1490011309173556	-1.3868991401513442	-0.16886049909370385	0.4401269563393948	-2.259868653601774	1.42401765495171	-1.6616300019626247	-1.4450163209372076	1.3981017448463826	-1.9151158842636589	0.21357905271774866	-0.33642206428224697	-0.8152092103971578	1.4522600027193198	1.6896338731214036	1.8646116461519933	0.5782627574598458	0.370777820343838	0.5357809978360839	-1.283766505090427	1.0549520503227297	-1.0017936177141935	-1.3167002030208912	-0.46143605909714613	-0.29843729748685743	-0.7257891633556928	0.30533203878661963	-0.19390983572729653	-0.18536782803864962	-0.5268321747626926	0.7863562380600707	-0.0960373623198243	1.2346559359842566	0.22728640610202158	-2.465969773309543	0.31393744695048664	0.8543024063406716	0.9075268850225438	0.7153092537645266	0.1343574555825597	0.6629192891316775	-0.486758660364386	-1.447787597974162	0.9248593751817232	1.0541186557308226	-0.291636373105513	-0.544457284482842	-1.1667161002902504	0.7529852798449743	1.6512249017991	-0.8645039347089976
NTSR2	Not-coupled	-	-	-	Neurotensin receptors	classA	-10.631365381758371	-4.99438826320826	-4.768106478877355	5.815147682700644	1.5688289141481706	2.6080109904169224	-1.0122456885843663	4.659903417123824	-2.74562399952495	-2.6057515293721965	-2.6850160115948962	0.5942484432880089	-1.2072097876493963	2.6600512916212873	-0.3491773935051147	0.31037514523046245	0.24329777619525628	-0.2367789132524402	1.8448130611877869	1.0995376605465095	-0.5331400566742779	-2.7281831938784635	1.950558399803673	0.11230982186798706	-1.369679779305102	0.4535368686880401	-0.1746310881408943	0.7529564349213405	-0.868165322194141	-0.2464864060908815	-0.8067195490819561	0.2717796368452275	0.962196362338414	0.29173905974444175	0.15834124820464243	0.5409316498766795	-1.1574974682319925	1.1910865763528187	-0.9257964870371156	-0.34148456906075636	-0.3657381109947141	0.8860944543493867	-0.4830852286594551	-0.1538377157436145	1.4372183671258656	0.6622710400123584	0.14500259809231966	0.7646907040207738	0.6384705417667778	0.48941774562473445	0.4241629272126695	-0.6673752351201402	-0.4615709450963504	-1.3359270716951261	0.5026861493295005	0.8029499010245077	-0.028563390910919858
ADRB3	Coupled	-	-	-	Adrenoceptors	classA	-21.312037693739466	-3.431777355748253	1.3175340780823586	-4.190023217727368	1.6569850897517693	-1.5483408859443082	-0.920659748316146	-0.6877440867289331	0.3960665900699568	0.5862131520220597	-0.43913356377226687	0.5523581276770227	0.9916743573225287	1.7136726343682986	0.5046085013889056	-0.9469073001436339	-1.0693908390535427	-1.9325071410442083	1.8111339457246458	1.2611731276964686	0.0318101711718125	0.6782626664242477	0.5350750652170956	0.41920908721320843	0.8042810614344061	-1.5847868176807274	1.901263187600964	0.06920523426012293	0.22068673889439436	0.234654722422082	0.6976264509940958	-1.4697329586741517	1.3678433814276274	0.5898841680277129	0.8827485440575854	-0.3098575029529183	-1.0259292853224156	-0.41792551359145924	0.30351952333621907	0.40547093256350425	0.07477764254989219	-0.11413519825197906	-0.25597268143564245	0.5015755982845993	0.3658583022702361	-0.4902496193534334	0.6845902905054693	-0.5575250756001487	-1.8365121624006457	-0.28663025627865274	-0.14748414019373274	0.4795030373422506	-0.7821131238451376	-0.2175726409208337	0.7881126071378861	-0.9999675155155875	0.0030860179596865185
TACR1	Not-coupled	-	-	-	Tachykinin receptors	classA	61.489306447708245	1.790523820450138	-8.94906751617788	0.39211289332953814	2.603892034279157	-2.9070322490219196	-0.39982550520421906	-0.216073189153519	1.6387566367134483	0.8818631542583305	-2.144704643639363	2.2019389503268334	1.5712693487044596	-1.402014371895719	1.08629080351378	-1.194626690537513	1.088215416704779	-2.0004784613750317	-2.0571989987188806	1.915942919895414	0.20407016931619631	2.643761027423719	0.8673894526809072	-1.3384347171087805	1.2139629259272167	-0.4776380016434227	-0.6346616607747607	-0.46590818298587994	-2.2751287026559535	-0.9182219513100434	1.5089247156382508	-1.4699579943471028	-0.9748314940101327	-0.5122024526993936	-0.22808048384024474	-0.31027966320230915	-0.9479738925092556	-0.5895444789571046	0.7871294610802433	-0.9629447585745464	-0.8183145556509227	-0.2683062818167155	-0.6774211218734829	-1.2622299685759315	-0.32878545482179805	-0.1966481231146607	-0.09171640111844816	-1.1291520292584878	-0.006564961665487941	-0.3793517462788792	-0.8787358101773247	1.2593916523691309	0.7732673934930617	-0.45710649193792463	-1.0652825008176119	0.4339153081315351	-0.47717586822277247
GPR143	-	-	-	-	NA	Other	-7.016123649114858	-1.9102386598655048	-2.2744933284410696	1.48715173826769	-3.2368499306380243	-3.5649172841027785	2.190390600403373	-2.956583382825578	-1.3666442217997363	2.4486230325709055	-1.5941581219076049	0.6232024736884134	-0.03423912874673042	2.444311224917096	0.4442259889402785	-0.5558187533092356	-1.7979287225026135	-1.3491418271075704	0.6379875077991797	2.5291106706750264	0.14326261708815932	0.5805042098933176	1.3429835362905362	0.9787594026691379	-1.1612698910576127	0.0981623896938597	0.7478188477027141	-1.3261786273339413	1.4175138518606714	-2.333916819854376	-1.0597533872102634	0.3346559672283	0.0004685073034667139	1.2447396435626317	1.372991183296352	-0.8179978442004425	0.8111584751811142	-0.5145965264644715	-0.9445983616159727	-0.7230830016600068	-1.2149076325201242	0.004915150769400661	-1.0318255048941796	-1.0034908778963096	0.39065935304298344	0.20841208300744543	1.9715353006138463	-0.7264476699333539	-0.15696742392084587	-0.10245075961118073	0.9085171409889897	-0.6053874312898461	0.7481478309053682	0.022379112044995726	-0.5207906564303072	-1.522542999148871	-0.09185331766284273
GPR182	-	-	-	-	NA	classA	54.517858516066255	3.4721236152428507	-4.699120987401424	-4.998713760380046	2.03103312146996	-1.4446004486675836	-0.02274823209543168	5.340306251928323	4.501097449075893	3.6396444313876155	4.300318013881268	-1.6586280996867335	4.79939694554015	2.528049217750683	-2.2110133708415973	-0.9682046656091041	3.8661892756632756	1.8004212987708779	-0.3515977104974111	0.4904150620791698	-1.0486008546064565	-1.7661669028131193	1.5643938920482672	0.1498670304311825	-0.7717490166916614	1.0812117284891967	-2.2451445531579335	0.5970004773788689	-1.3043055127166987	-0.331924106631166	-0.41080312836632693	0.019012794716484035	0.19388489402290585	-0.16903327026574244	0.8391959218296745	-0.8693463791684658	1.3120429179137856	0.33339912725751286	-0.7150233343409376	-0.5898843427412965	-2.1570629670831867	-0.7064107047400096	-0.1518219381161164	1.5172422548776054	0.8544592787261784	-1.510289484725857	-0.009604839857406774	0.10994624868775577	-1.1040818227976146	-0.7403765544988306	1.3562803111494608	-0.2694074092898795	0.14876423321595236	0.05417043434677045	0.6511203558032322	0.17993135447195482	-0.7783564525149665
GPRC5B	-	-	-	-	NA	classC	14.347426172624978	-0.7255116073107342	-7.9140994141131795	6.772035489353246	1.030104677141776	4.00926073034452	-1.4303803815283054	5.543532576726318	0.6242497682689218	-3.237774416783162	0.8315026315075531	1.5486541011567114	-2.7507261784762034	2.2378135492483	-0.5497900123343754	-1.4002979561879525	-0.09875872892288723	-1.426677631708679	-0.019896883092733172	1.5035276414264935	-1.600204614596182	-0.2814383579816733	-4.429931231328787	-1.7595394623326024	-2.3540232541852526	-0.1213697653619693	0.2828667173153761	1.118182314378548	1.499718166639922	1.7255520756293887	-0.2748486867694742	2.266415857792278	-1.9484005100101485	-0.454048551554743	0.46927977314574165	-0.43615835327254876	-1.0105744481282541	1.2067084535473511	-2.220393683235383	0.9892876089823256	0.2726178953192851	-1.1527237531257533	0.6792615517678979	1.4595407673575531	1.3992293892062067	0.2606927768716067	0.24912338796493808	-0.2353903464538981	0.029819560477046366	0.10588078939261915	1.2364320234060624	0.4453999693745149	-1.1382649133245721	-0.073369905802975	0.7177264562000428	-0.761259218595691	-0.40732414749451085
PTGER1	Coupled	-	Coupled	-	Prostanoid receptors	classA	0.3711507754170818	-1.6900462535185086	-2.6196570809616255	-0.5238941152265199	1.4390082008402136	-1.2960950397554065	0.3863567286739302	0.9190856328489443	-1.0536898667305168	0.8451199745479913	-0.2777124867560629	-1.411904512682876	1.6093649887518808	-0.22934292794011116	1.0072023879271177	-0.2675559526263851	-1.2551252993741422	-2.420521107512891	-1.210496787154879	0.6138093336272463	-0.1336876615694869	1.2230373423462653	-0.6402680081837288	-1.109146701043489	2.7581850846026694	-1.7616830368466803	0.33533564085163786	2.2488155379314763	-0.6144240076784311	1.3275346147964617	-0.3847645504697573	1.2766178936560328	-1.130729147638924	0.11453875179670343	0.7872278358205624	1.7120272430796837	1.127738199819525	-0.19382947641678447	0.16076871792745728	-0.9219605033910006	-0.2007190921401894	-1.0708630066883629	-1.7584763730632527	-1.152635228901833	-0.6302170220751239	0.15837676661414354	-0.3862911582220176	1.0214042861819235	-0.6938468416947314	-0.2250958247403856	0.8641408802394117	-0.12636322951865947	0.2300043489110716	0.024075476475751062	0.36014357699677874	-1.0243105190445054	-1.6801631814325928
OPN3	-	-	-	-	NA	classA	-18.715103906704506	-5.845392861015131	0.8217485063811947	0.20770705010892648	4.437010004908267	-0.3185558587809331	0.8169541877017961	1.136116639231539	-2.67810172886161	2.6889079962440996	-0.23422706554673484	0.34978157328039255	-0.921883576863229	-2.9983612199067053	-1.3202774668797703	0.4999389233370719	0.6923378121341446	0.8147713287668991	0.6030543212559203	-1.0300204920978995	-1.59531779737663	-2.1509547417851484	0.6551152900447467	-1.0501826427419647	-1.008223643870535	-0.6844388071833764	-0.31957810531081876	-0.9946507426695065	1.8198679374492517	-0.6104925917792292	-1.8051509553384157	0.27123576469101035	0.4999120346300598	-0.5688275105419294	-0.29800839456851963	0.17682030709498972	-0.531346835351665	0.07619070529848512	0.5660824219996343	0.11356857041430177	-0.1438590299256136	-0.3477227852385	0.001288545215559051	-0.06673033294096668	0.3986690957635743	-0.47996737276867946	0.8909557677379626	-0.22743053586077197	0.14425491203191648	-1.2104591032794858	-0.06624499951415083	-0.7153860995651733	0.701990872509382	0.17817829207772456	-0.7025646985813898	0.7765474911028658	-0.7785498468648586
DRD3	Coupled	-	-	-	Dopamine receptors	classA	-25.810040076458286	-3.7399536380015275	1.106495518725443	-2.364297417490872	0.8055720932170227	0.294388191198233	0.851049327748931	-4.497211200065316	-0.7889373415860742	-1.050670783625146	-1.2551408786683644	0.06851787350478307	0.7748422703069868	0.6750632184070049	-2.794549600315978	-0.3164306962557242	0.24236125908756018	0.3906846243715917	1.8962038388221794	0.3353963443696964	-0.7946775933650861	-0.5912753512385497	1.36309315850656	0.15611744037966116	-1.338095787776357	-2.0935162118110475	-0.24810960910502955	-0.5165706209656665	-0.5765960127631247	-1.810659049940597	1.4691115293459147	0.48437001082603687	-0.5125413929607693	-0.3565831695697226	-0.1096403041504797	0.29167050007406453	-1.4515775479273356	-0.054325868077906105	-0.5684670989166954	-0.12107686154720664	0.28980743362078143	-1.134762427668672	-0.5879811688550086	-0.3126689949688368	0.29201787409077457	0.4079122637955557	-0.4374897934838539	-0.2299932513783059	0.6586359193801187	-0.0851830109424707	-1.1059191856967345	0.8041584034515533	-0.3188670037535303	-1.1657552913077154	-1.210278576158998	0.027650741024392682	0.5371137518196252
OPRM1	Coupled	-	Coupled	-	Opioid receptors	classA	-22.423102384974655	-1.8972417780876834	-0.2842017184749626	-2.9715691894994696	1.523710848593719	0.3153009569310782	0.06105094754117542	-1.305584825767297	1.3603636289016847	-1.4801212519473337	0.3878171934288937	-0.42365999788052516	-2.7772295958691533	-2.248908185815767	0.9892058307267461	-1.9064038891406712	0.6061275176210018	-0.8581502611811732	-0.11457645451377478	0.3343932732295862	0.8119297694371304	0.7571863100397993	2.2978500401775315	-0.6604161826767159	-0.28430820666534223	-0.27032946878986064	0.1406897361882921	-0.46350802034962174	-0.9689185537550661	-1.3136644383034526	-0.8135247980155582	-0.22941191388383547	-0.8956464700995344	0.5120460507577258	1.4345890502005818	1.213139456864092	1.281201333096956	0.5305824374978249	0.8674161845996666	0.25218229861252983	0.9785546856013959	-0.002423400102129862	0.17681304721646157	-0.6376274817487205	0.20461103955760038	0.41664504747663494	-0.34087723066841374	-1.2734856524685685	-1.3274292624328878	-0.6325431043526315	0.552234521855646	0.7432883714434217	-0.25495426549544387	-0.5220059099254204	0.275386676812134	0.2054750332989599	0.04775382327171425
BRS3	Not-coupled	-	-	-	Class A Orphans	classA	-21.756214759058548	-3.025441110078387	0.4264562192185323	-2.1934411793816517	1.0092356423179498	-0.6819323159937173	-1.2676076199936235	1.030435095150552	-0.20087106814614786	0.0905545414733783	-0.026340602848118025	-0.5948058677268911	2.2503742424076534	0.8889709375489442	0.12268227820121369	-2.1328455567116933	-0.26601813724361933	-2.0486299567214226	1.387995324566145	2.1225064229215507	-0.4345738460825698	-2.2769629640555977	-0.8895397444722806	0.026622977320323916	-0.1953683388858569	-0.025355919747269185	1.0304037001157493	0.8820693263953789	-0.4050621531454586	-0.7988143291682407	0.6697836024215482	-2.3438103965678043	0.9205545740963064	0.004436700706036137	0.738659978430357	0.18342864885882193	0.1207487659816068	-0.9578128503026898	-0.19784791990938622	0.8242662170042304	0.7565517036522245	-0.07680652532737953	-0.18837491158020978	0.941265707238464	-0.11796009439118413	-0.7133943031428426	-0.1594414562441995	-0.8718320574674714	-0.11354379861345933	-0.989801103399611	-0.06663212446571477	0.1418105886682264	-0.6258799471885129	-0.39141060555875945	0.16030241252249225	0.3636668499270458	0.8763283486707724
TACR2	Not-coupled	-	-	-	Tachykinin receptors	classA	-23.02018284827237	-0.9943776563488264	0.8841719569714479	-3.865955464257185	1.0405215094735192	1.2824231832598851	1.433867109709616	-1.8227629358592725	-2.0370533459124287	0.3118079552539755	0.5589973113044187	-0.873536940770573	-0.15360518029674353	1.6063282678286706	0.3520933103163087	0.558539302426098	-1.9661860169515906	-1.4977205962116507	0.5153751605256117	-0.13336792222660276	0.006539423459596535	0.5892849153372146	1.04822371880092	-2.2013346335543384	-2.2018917289779005	-0.34975239439316347	1.6514038871488674	-0.7981982196477485	-0.9960982910529586	0.27605347280888193	-0.8335338857810507	0.11586367022487294	-1.039198253171198	-1.1199587261992536	-0.5973755360018843	1.3826180614275876	-0.6373431762755559	0.7247596807800466	0.6560770224310045	0.46965488692514273	-0.18241905451692594	0.2005626228624477	0.5804165963968606	0.7580004705331019	0.3594920398397007	-0.21800430381898875	1.2482405148770832	-0.032294306078126195	0.015686317231130776	0.5026127562334369	-0.11561256363760408	0.5893151515144438	1.4485093593500051	-1.2482093568219426	-0.30038751836622946	0.16869218296181487	-0.9641512251784713
TRHR	Not-coupled	-	-	-	Thyrotropin-releasing hormone receptors	classA	4.435013568059893	-2.664913860873074	-6.675965523358837	5.470848518950469	0.33616766585065716	2.439465488972892	-0.04000906563460285	4.122577329381064	-0.27256847130712597	-1.0891411021846542	2.9624817446174436	-1.1741697745502402	-1.5603295945117233	2.2867115914467453	-1.2665755050489635	0.6855538977987623	-1.0047000346797397	-0.9222408787333878	-0.9848052820159833	-1.2074646763212804	0.9586639166627658	0.785898414902048	-0.16772472344128833	-1.8208627482998707	0.564477386015524	-0.16457722989570375	0.9398782581443816	1.3294139552138469	1.2133944220024493	-2.140303588308647	-0.29084895589395593	-0.8620977341190298	-0.8843469788953443	1.3258597342492102	-0.3725611973486508	-0.9170439883667673	0.18845394432211904	-0.9181027528154212	-0.35071123443634084	-1.6205599421240413	0.2874347445656281	0.5677271462187425	0.15122255061908546	-0.25074122754732214	0.19323162813026407	-0.1263280670650274	0.313332754517017	1.0582691650249556	0.5654870021533622	-0.3877938653722373	-0.3229004798680272	-0.3727532980019453	-0.3094280947518716	0.8367415789589641	-0.03649931087956713	-0.5721840868922375	-0.5245747156312027
S1PR5	Coupled	-	-	-	Lysophospholipid (S1P) receptors	classA	-23.447892102933363	-5.387277073075779	-6.1883368099118465	7.419377472703096	-3.7501395636366817	1.5532121037105697	-1.5378053913035656	-3.2516056672317006	-0.5691341834741618	-1.0014639523164592	-2.1246911363855308	-3.309650930662254	-0.044445910405253516	1.4006795958317175	-0.31938484565531966	1.5619720974412499	0.8503079710943529	-1.5054516074935747	1.114939488853274	-0.18144259885574973	0.16782762813406257	-1.6538206844472583	1.1319276067136013	-0.8704879319027968	0.7608048855895586	-1.6889364961310418	1.617630680769242	-1.0941938770222837	0.4611833789648744	-1.8065101267854606	-0.04736700590863329	-0.5213816024677678	1.2382435850246207	-1.067990944604093	0.4012972898698063	-0.09788958466308995	-1.179143555323047	0.9517131788728713	0.18711276269000002	0.6299053525716353	0.28320997731040265	0.5825430157129836	-1.0156131010899543	2.2596750508229233	-0.3030042895216346	0.4128039847563096	0.6779942315594643	0.6991371086183249	-0.79607539140854	-0.0580637499425072	-1.0090164045587215	1.0996388320996464	0.46387300620067107	0.017716337413691417	-0.46077131968951424	1.0512461596148535	-0.571168269214439
KISS1R	Not-coupled	-	-	-	Kisspeptin receptor	classA	-9.844235874261237	3.1870253977201197	-0.9929923739167108	-2.3701333035929677	-2.513516104959908	1.9128109564418199	-0.2179872032778489	-4.260921108347296	2.3294089880361275	-1.7539721431502115	-0.07086252175804482	0.41955919583406587	1.8959399926099916	-0.8560166279972778	-2.2344237897608976	-0.08940220811938285	0.3064291130352031	1.052538706841008	-2.242577921163677	0.37839875807776235	1.2047117263638307	0.6462334412205631	-1.1934582687469928	-1.0909209785726064	1.2809741293084473	2.4738704640967724	-0.09753401505940391	1.5775270944800759	1.7690688029521928	-1.4197766488919932	0.08627519301738408	0.8619442811713118	-1.6704417062161396	-2.5738656703073155	1.3590005981338442	1.934857393323139	1.2960077211613465	-1.8470509528147023	-0.07363874365572924	-0.8312256085253085	-0.8497485964530015	0.86789801179697	0.6350613061552101	0.8430011560747902	-0.08316319957047125	-0.1998753664635365	2.081792308808558	-0.2838065884425365	-0.3742294688398912	0.825612282326321	-0.0038961255088636243	-0.7172746567338862	0.07008007987583938	0.0970267525766636	-0.8288100840095405	-0.1713975762034168	-0.37371600062604404
F2RL1	-	-	Coupled	-	NA	classA	-1.190121209667539	-1.114677681997018	-4.2408341252355015	-1.3762688229535218	4.639903257664863	4.1981043778008615	2.134215695271399	-1.0933804669605558	1.4899857733525739	-1.0392603043355433	0.33076832574670356	0.5301354540650826	0.18986387108515562	-0.15119570573780952	1.8407859275061613	0.9779650620754358	-2.83291364501376	2.333461046432617	-3.2079252943566763	-0.5673530262635994	-1.095976666583685	0.24544471813496851	-0.29728247203680114	-1.0403591648737947	0.8719389003245418	1.4556043180552447	0.33469954979479494	-3.0712205703793694	1.828802149132412	0.2300367806047357	-2.8233560673427003	0.6356525518476227	1.2558303385188054	0.7472064369613886	-1.1121465406725413	0.5904023038318303	0.9994524051862939	0.3618889549901855	-0.2271137985153765	-0.9106471883831411	-0.6454437333996904	-1.1577915126051426	-0.614101010897245	1.0235682836784774	-0.1779020845505911	-1.0965057566411198	-0.7504110046958051	-0.9723637286138972	-0.315391505012143	0.0976969484614123	-0.5346241499243792	0.1027388256858215	0.14225609797559893	-0.5214284574327823	-0.008527456435958525	0.9585474897442324	-0.3070067074565668
GPR84	Coupled	-	Not-coupled	-	Class A Orphans	classA	-5.440189221520288	0.9541933608688667	-6.133400298234168	2.892408391180783	-3.554680015213135	1.708285128875802	-0.69844431805205	-1.0580607286437553	1.2635845829225407	-0.5007753714575328	0.06234854687375777	-0.6628507161662233	-2.396367056637472	0.8076372250252166	-0.2569345525620467	-0.6773997583403467	-2.0170718689863953	-0.30182054414836695	-0.5979903850024264	0.9953114790098695	-1.0711208991313397	-0.36847155803477666	-1.1827607653021186	0.833353516856146	1.494508374960197	-0.46273225482536184	1.3745685858142258	-0.02317491394371958	0.12476215706435302	-1.0209767505613132	1.4236501821298364	-0.7417004055346696	1.7059721398459282	-0.4596692199730463	-0.39093638911052886	0.5692322816678458	0.7142133382247841	0.4229574605898225	0.27454207716290135	1.5887834156474117	-0.5307846635290723	-1.3181898146287359	-0.7280879021184338	-2.2501133753650358	0.9511137558658196	-0.016649448992424	1.0629176824752231	-0.4590559227188082	-0.7451843046892871	1.1863082019631763	0.3976870831951951	-0.8444098034169988	-0.36351487429023743	0.9233964695742098	-1.02145147361599	0.19442184438047885	-0.4760155607307308
PTGDR2	Coupled	-	-	-	Prostanoid receptors	classA	-15.486477258904706	-1.3313916799734862	2.789220462117838	-4.5307647372402515	0.8434186008829955	-1.9475320435746801	-0.574221796931602	2.7934311089507764	-0.47648568655977597	-0.09062941422530378	-1.0885345471355619	0.21466112266770715	-1.3075491222898588	0.12916208563659065	-0.6770283376274894	-2.303043380659906	0.6338160358624072	-0.4416556896593271	1.198725964678024	1.5983278234197862	3.5341151898031873	-0.06934207802602381	0.12983729928290905	0.9085199131615823	2.1197766214343434	0.46211477523408073	1.1525799094883538	-1.206195659422239	-0.6565623150871923	0.1009122236758261	1.3269783223551797	1.7274603557064963	0.04471832796866435	-0.34793717166789445	-1.3955704730599108	0.9912538593491335	-2.451840355683627	-0.7904415579915985	0.4442028765726012	-0.8831588551895794	-0.11168972694794589	0.41826882707011354	0.6411788934113478	0.760997170552264	0.09582317007202286	-0.054267645505779796	-0.9360764734791376	0.310180164833786	-0.7552935681954467	0.006900909898144113	-0.14371722766067024	-0.4046566262569519	-0.2957860900361208	0.159455169645064	0.807114238892402	-0.2208538063172203	0.8074519895705473
PROKR1	Not-coupled	-	-	-	Prokineticin receptors	classA	-22.200496766508504	-3.003871592625767	-1.3159865719360504	-0.6729177636567618	0.4749732669313717	1.9064927303696488	-0.3452320113844839	-2.9862494471727468	-1.0969563344554023	-0.8691243260617287	-2.074082682091103	-0.35792505464487817	3.1206125358866768	0.4690560689578636	-2.18171487886345	-0.7450088656348478	3.852861412623041	1.4102034681763709	-0.45347883470631545	-0.90138548648753	0.015285604935168949	1.6814222724182852	-0.5645537386643512	0.02471515148892882	0.7249384515144565	-1.957143600454429	0.40712097858200275	-0.49665583343500413	-1.2560517686404935	0.07748675873658935	0.38965650309769995	0.42860489111942723	-0.5031213091042396	-0.7726334887260566	0.5727376663583389	0.03553969148410699	-0.16831230269898126	-2.3012155757928063	-0.44238310326493463	-0.22508895227824363	-1.88645265738139	-0.6776892947575965	-0.3900213489604733	-0.08198357206219692	-0.29038920048580025	-0.430715013844152	-1.4889973877735598	-0.3447869798104833	1.1385183683089648	-0.6389001370305711	-0.8404693725879973	0.6477037915760824	0.8372540504778376	-0.0576044562461778	-0.5033126342405434	0.0651501710285333	0.5108293750892682
SSTR1	Coupled	-	-	-	Somatostatin receptors	classA	1.3764961455172653	1.3684838776216357	-1.0959825959547127	-2.165884755944986	-0.6461563595281162	-1.2606719090442176	1.4064998133332374	0.18690936611390352	-2.3716175942580016	-0.16224061429034956	-1.3893098127787096	-0.10476105203595229	-1.3098329783252098	0.03870764548805144	1.9796174052619242	-2.073901108845981	0.7044106665943768	-1.0109065687793868	-0.32776699389400377	-1.097382886744036	0.06587903696618731	0.5181610790785095	0.09495870302305771	0.1839091625497393	-0.10913061270160601	0.6400154403524797	-1.4780764919643692	1.2855682184393395	-0.9033706127603945	-0.24920126568753534	-1.1582375825228592	0.20317441659613011	-0.04288404051284992	-1.0971130262723359	0.8410828629662892	-1.5479834728648916	0.757717879098147	-1.0152127769430948	-1.763108421633824	0.425177340345569	0.08751305829216295	0.3169037409277182	-0.9283207026604527	0.12360887346998521	-0.17194657831579152	-1.6837971549480388	-0.4072009269473499	0.02926762098625301	0.701559833828436	-0.7113824109955791	0.17648361746040564	-0.8594672810371596	0.033534788249204125	0.7770576738089501	-0.9844453483322986	0.29471216584123167	-0.28931554027946843
BDKRB2	Coupled	-	Coupled	-	Bradykinin receptors	classA	8.03630216998131	0.44944319561985957	-4.345360789494718	0.9040877944575144	1.372111821284524	0.8737316728022068	0.025862931422699843	0.9348409276357049	1.0792317131684144	-0.03598587797036654	-0.07667121447613288	-0.8007595247877128	-0.6871543543069422	-3.9982801207308927	-0.6410330127844899	-3.110887948489329	2.0506203058693195	-0.2219932234732541	0.054989580946162915	0.2881679841617104	-2.6792513978857286	0.7342498066125995	-3.730034876240136	0.6243008803130741	-0.6892560222515536	-0.14199405111146246	-2.5858987357495278	1.2166750315665218	0.8012053778599576	0.5227841882958375	0.6914395674243636	0.8037395434777471	-1.9226603287549884	-2.5917548641029438	-0.14470644307682776	-0.14719438473780988	-0.953915955625998	-0.004460476327145141	-1.2821139910217552	-0.020667510199805957	-0.22461126433121714	-0.7828662898565568	0.24857075699620018	0.9344612545767742	-0.458213630535531	1.9492741168290577	-0.24071308928815957	-0.17632953861759856	-0.7631282759048625	0.781008864487303	-0.4930746083880762	0.8724978519080977	1.5858069953868357	-0.2293451916359807	-0.6743089929517504	0.051538817682888954	0.9271168017961806
PTGER3	Coupled	-	Coupled	-	Prostanoid receptors	classA	-11.024036931354171	-1.411704997836678	-0.18113526994761137	-1.9499821008547962	4.100478386021062	-0.8691768707226337	-0.2296357082823761	2.0118481220632103	-0.773936422242681	0.9616495709298473	-0.25341005614912454	1.124878794710352	-1.5099088786186343	-1.011937282819054	3.446574443872919	0.3224661739710693	-0.677137734005056	0.24089232348864412	-1.458823852561153	1.0016699169284962	-1.8152038059772144	-0.9168948376883524	-0.9974658608257322	-0.131138451773196	0.08461861314952565	-1.0440291685323873	1.7420749452912971	1.9657313953107018	2.195516839359098	0.2733184265737069	-0.0841169140447774	-0.6880961405859759	0.3542280526298803	0.4331484274528466	1.9364600717945228	0.7724816626524248	1.017159255541165	-0.03181328743311382	0.7951168368577805	0.8221842550504096	0.09474098097037463	-0.5161160003700286	1.555690689376991	-1.25820535444324	-0.6708761386113714	-0.45966775037701085	1.3351774821888307	-1.1507339825960268	0.16177071025900364	-0.014203652191593214	0.007240698609859832	-0.5481146560662106	-0.37995352609894395	-0.15649569569711497	-0.27637138077949913	0.6711282984583139	-1.9361076275382976
HRH4	Coupled	-	-	-	Histamine receptors	classA	-9.415346914628577	1.063391813461358	-2.098352510137449	-3.6319819651075447	1.5215081694786234	1.2821664608954548	0.024399310016474524	-1.445719389073965	0.6522143840187953	-1.2390445715023641	-2.008653080893905	0.7325914594947541	-2.17617739047018	-1.7006028075564954	0.07222581997399995	-1.172648481168738	1.3636039919100993	-1.6364763111845604	0.23789266717923976	-0.5923433692648538	-0.2989244245924929	0.487042324041319	1.8144552770276645	-1.2263640684678638	0.6272249327671966	-0.6876721292347691	-0.83228734187539	-0.37422225967228767	-1.8361095757831665	-0.9797053708048056	-0.3905408798564441	-0.12008324783230681	-1.3667338890776968	-1.4291647139339005	0.8711442328061622	-0.7972913447933924	2.0730925485239173	0.6842779197696934	1.0104589606884702	-0.12653493867594262	-0.12153500435411736	0.7684975402333563	0.6179423094830607	-1.468822858515543	-0.8345296178388739	-0.7532986867754288	0.4199146543428125	-1.5258077757870228	-1.0151948595050238	-0.36721074257375474	0.9027696471616488	0.6294389949201562	-0.7288800008415947	-1.0660597120933317	0.974114179392663	-0.5016306435735552	-0.5296159420076014
NMBR	Not-coupled	-	-	-	Bombesin receptors	classA	-20.52506363369395	-6.977468891974242	1.2868867793264123	-0.971264283079992	3.5382240194334633	-1.185651624282693	0.045843745035817535	1.9050968929682197	-3.245391115545311	0.42378627848449923	-0.35125530030055996	-1.7472388341790415	0.25846283471017145	-2.897048156505216	1.8765446365208855	-0.8084193580156488	0.622818767833402	2.7665007588315738	-1.48263065059944	0.2438107882692266	0.8547307229023023	-0.5079430876766259	1.3825673860779126	1.0514857114354246	0.29993807427020636	-0.735399593241369	-0.487875500167247	-0.6850403245542518	0.5153825847431266	-1.0684202427905307	0.16417137701631362	0.7799928040887862	0.2582283453911626	0.4570747539726046	-0.6235124470715869	1.195007115076181	0.34905876493063553	0.5231017282061523	0.822987688117882	0.4152509870821093	0.4152319515157286	0.8495321628924377	-1.2371343075781043	-0.011985775365506192	1.1017064317232492	0.3984493074481912	1.3310494858772255	-0.1193053789932077	0.20594451381765352	0.018023335259549484	0.0008358611532772164	0.01951365643584296	0.091428967134803	0.561284840937416	-1.0577603210655564	-0.2013571582499963	-0.574148494871206
HTR1B	Coupled	-	Coupled	-	5-Hydroxytryptamine receptors	classA	-22.248564223377883	-4.218943811114924	-0.23800819354709757	2.0790189715087712	0.32582596794562135	-1.337511143971501	-0.9634277712216429	1.6114673489458857	-0.50208282263837	-1.9555475386646333	0.34222565827130147	-0.0681441080502089	0.09421419650331846	-0.04696570771921551	0.03901371463296187	-0.5734384045910077	0.5109726605403277	0.5880687578133031	-1.2188753162630186	3.546957154676929	0.462829029314618	2.083199193326947	-1.3313382708921222	-1.4941884284772393	-0.7100670036971304	-1.111627398448541	-0.9849616015132343	-0.5436133444753606	0.17209207654557293	2.36485079128737	2.0058370305040225	-0.7298420722667438	0.26976811147114227	-0.06719796655046896	0.7673459815755517	-0.4700625967134571	-0.03680510392642641	-0.2999248287670673	-1.0669427141510168	-0.755318499085436	0.3369713526911103	-0.30068450375807315	0.5005058580339697	0.3013810262292346	0.4590532834328839	-1.367585271390098	0.9969567681457651	-1.3015659822005914	-0.05585392124536705	-0.2707407567503675	0.6859736109465046	0.5884871316812916	-1.190281579609629	-0.37235932131922844	-0.32554127265415195	-0.3458946593722375	0.06530333926718077
OXTR	Coupled	-	Not-coupled	-	Vasopressin and oxytocin receptors	classA	-29.998844398749434	-7.565286870579223	-2.260458947772096	6.192625168008351	-1.4769210025226227	-0.19368531244846468	-2.3728844816425414	0.5129616307536786	1.657195125435219	-1.2736711623239918	2.143884693472743	-2.6026324905954117	-0.4184785306676229	-0.16985562743918553	-1.1024679269224213	-0.4848354393678502	0.9286207188985802	-1.3720968829385687	-1.116238722251791	0.7468257299456693	0.6905420608339902	-0.16140492772021764	0.36899636166149336	0.5546971671422531	-1.065421755942012	-1.483740878129206	1.5743162005995752	1.75238085977136	1.335973336404485	-2.310123069419563	-1.3272726849596175	0.9459165812511036	0.3081662644776643	-0.1485055206642698	-1.0647968847538425	0.7406410012899522	0.0441454015228651	2.0424926162026695	0.27021516934560735	1.7382823574716775	0.7454437369936956	-0.2611125080262141	-0.9285817506315749	-0.2532671736100348	-1.4212723572288546	0.05704660335661273	-0.8530912917718276	-1.2415602655226874	-1.2546621700487453	-0.09203178470363481	-0.7443354488369526	-0.0796721708967121	-0.6661963965095264	-0.5313027264986976	-1.8685145130630583	-0.7227915053724928	0.15987483908853597
UTS2R	Not-coupled	-	-	-	Urotensin receptor	classA	-26.785343135276865	-5.136386926158441	-1.9522370783053455	2.6479130676325213	-0.672550778055981	0.37305906035800973	-1.0654360146080997	-0.8185664591148859	-2.150162712628379	-0.7781777556070563	-1.5621353733821237	0.30441698512283244	2.692676945812995	2.168216760584232	-2.2713948872609424	-0.40372763851318944	2.892824996904779	0.38750645015874147	-0.06417885834764674	0.9875383374270608	1.517163497528895	0.8934227053689837	0.05476667381821286	0.05650285609086829	0.14453786143778766	-1.394369847057753	-0.4626940721856957	-0.5992783427843661	-0.8928354027883266	0.5003844875183586	0.07111548290564444	-0.4390783481127078	-0.3045657812512906	0.21812638618933586	1.0622296023517384	0.7750999382560848	0.7497444167821307	-1.3555169789838362	-0.7088925800567342	-0.8164596994315947	-0.7701893649163936	-0.594910810012423	-0.1969696291242954	-0.02712679429417704	-0.3843209097476487	-0.07716778673578642	-0.6591973306719573	-1.7552937466269505	0.6326303355168202	0.27557485526790787	0.5949024915997422	0.8748667860439214	0.08984139069775776	-0.9497494160571279	-0.5033809027918502	1.0987999469189853	0.6788532734806938
SSTR4	Coupled	-	-	-	Somatostatin receptors	classA	-15.869393581249064	-2.9372128623429945	0.6435376605976724	-2.8610302913843064	2.584620082876346	-1.0123344334864353	-0.293585588146046	2.400163937112718	-1.4085681439945446	0.15049124119859453	-1.2094455545989684	-0.006067404813445304	0.39075766186405403	-0.0023044600120477577	0.4567165481683925	1.040186708998322	-0.6836070570524683	-1.6561284746587472	-0.28751044508584594	-1.0817936467321403	0.17799151594929105	0.3035899727196566	1.230623726083393	-0.3550455694922585	0.12896738036364527	-0.4494170768688116	-0.36252154896178784	-1.2255179078225524	0.724627228493312	-0.045043456317180035	0.0675176017162022	0.0968225262241053	0.20522650134312956	0.8015038636904758	1.228194596435146	0.20085607280277923	-0.2628007848444645	1.416125312014388	-0.7330592367797992	-1.0383114122497943	-1.0788116651744768	0.3611553491960141	1.3565766612102512	-0.5056057927042409	-0.1631455948072701	-0.7717816155981821	1.074422240570524	-0.16273429764227845	0.4778632882483249	-1.0448493723298737	-1.2594858885703506	0.5490785594866161	0.16270971087608885	-0.4336497468383281	-0.5165766913711416	-0.05264485247507472	-0.06697025435420012
HTR4	Not-coupled	-	-	-	5-Hydroxytryptamine receptors	classA	3.867045916089942	2.7597370691610497	-3.3583195429279766	-3.2303147057435466	-1.8346191695378964	-0.24894148180959047	0.8605668655927833	-4.422346731988378	2.321320434319263	3.0732221896122076	0.37388689020288074	0.027417027910059583	0.05406568323422089	1.3901493143531716	-0.9707316205450601	1.4269228632713014	-1.1118059939806668	0.13070805121780643	-2.4317178130832264	0.25384479865146986	-1.7982165029252586	-1.4211574357073693	-1.6812088861911068	0.5934140615808536	1.0560127184128696	0.7332355263257493	-1.9626956144741876	-0.8167955698152304	0.6905135413588525	0.8550614777866565	1.0119450225351703	-0.7043336264650691	-0.4903035492676048	0.7969927815656562	-0.3228991336901397	0.289525791526868	-1.5260936398417089	1.9274201215633702	-1.3438774820921906	-0.790390571175661	-0.4346467746574224	-0.07215899002447324	-0.3034064548848785	0.2409083241149073	0.8242157846758327	-0.17850180441529193	0.6677596538636402	1.461808138064619	1.1972952277300517	-0.9145506354955629	0.8718801648149432	0.9353560652204964	-0.4671094676049616	-0.4296510324120962	-0.46138097105939485	-0.4704609229786498	-0.17435141059974035
HCAR3	Coupled	-	Coupled	-	Hydroxycarboxylic acid receptors	classA	-28.71530872974389	-4.217727823492023	-2.398953066958607	5.317692795123301	-1.4235891921060717	-0.42349566682936535	-0.8954901680495226	-1.3835537524857524	-1.7203567554422363	1.6477462963547331	-1.1553430700857454	0.7970380596529663	1.601675965513538	0.3595266190749731	-1.3634683600935813	1.0253922461668503	1.2286973967844472	-3.384791006034022	-0.3362154287225187	-1.4405109494913066	-0.963280460229973	-0.5932901870573567	-1.8831458845661952	-0.633779269173104	-0.014866963681599671	-0.8354976677266642	1.0262630970266762	0.2971075686447154	-0.3895620259312598	-1.7691641999401995	-0.7538506663004015	-0.726775808667955	0.9947405387045875	0.03208219338829936	0.8891328136049234	-0.2153034508079302	0.3575293444141137	0.11464650690170403	1.2615546993422058	0.3988661708080762	1.0329263180021429	-0.7196430151431134	-1.1007335036095043	0.28976714132342646	-1.0492360337947588	-0.22572582296458277	0.723701548105289	0.2142719913339183	-0.6711415521686459	-0.6618272407754688	0.31758036586832133	1.1596371201872215	0.6218927315201354	-0.5798705044730023	-0.6412754232815893	-0.3722677438163413	-0.21468513348020596
GALR2	Coupled	-	-	-	Galanin receptors	classA	1.3737175360136649	-1.5351383097226445	-5.883239951517521	5.6975271417807605	-1.2247320449798182	1.1274852784263332	-0.4647292406620945	0.2694508592096546	1.736739454312743	1.7015919547221536	1.1152736398976406	0.9414887001296266	-1.0550092893580127	-1.2552099771001626	-2.1719386318719627	0.4549596917060025	-0.7298417096328126	-3.5300073753605354	1.2872441563894568	-0.09472245013535809	-2.4542563455868858	1.9659805743414407	-1.0756541955032468	-1.121903661152858	-1.5696296837862016	2.0444666134426974	-0.21612263230809947	-0.4370553343738241	2.1798706296005177	1.4239677376808062	-1.6897169553190288	-0.9402712285710153	-1.0143935375628665	-1.3677358611160597	-0.4376778573375499	1.182496321651354	-1.2603984246655693	0.8827633088378409	-1.1852703093689267	0.014104628209999418	-1.1783254467770439	-0.11059869925755454	-0.5112333940117311	0.8948747598064902	-0.14830093304431247	0.21308052758204737	0.32524582773981536	-0.5144263177765064	-0.04707503139444731	-0.6508682992270848	-1.1989627087383226	0.8779362779897912	-0.9250739854814791	0.05093746242067871	0.2081118159288812	0.850195174496397	0.6973703636048257
PTGIR	Coupled	-	-	-	Prostanoid receptors	classA	-14.81010657409713	-1.029432709149947	-2.8805637523148984	6.3009522479029085	-5.46552146063301	1.710448078067626	-1.1885237001735014	-0.6872685856094023	1.725177551351414	-3.422574005949811	-1.6121151096767927	3.498759570938947	-0.3004351223433878	1.3588546694157986	-0.9136658085015777	-2.063013492855084	1.463956997931433	5.633551325327013	0.32153949536644694	-2.9446473091366965	0.19644688481492648	-1.279098502715127	1.2452823619457734	-0.38832746607295504	2.7969593650872917	3.411384402278929	0.7757187075964682	1.2722010306437619	0.6669381438416683	-1.735635226106717	-0.10657585349978664	0.2684722963851703	-3.0791206257460915	-1.436237438256397	0.302241321227809	-0.44159026977491855	1.3897329260016307	-0.6327133927936536	0.4332584862947445	-0.3417520925371004	0.38767684393016866	1.7926895508437406	0.1577031523162951	1.71525167418201	1.1468464496054234	-0.10497527443967238	0.5381621349836188	-0.7147609554787302	-0.4348840109969149	-0.3025170361958548	-1.4132880322990133	0.30688856619199134	-0.23255488391094	-1.2222808359935842	-0.6193498651453679	-0.161556548085684	-0.16440577751701124
F2RL3	-	-	-	-	NA	classA	6.196097507899305	-1.0053394958696686	-4.973756351913841	3.7692281485436085	-1.1520692230099225	0.605152897167411	-0.20139586750831162	4.263255555951499	-0.8738914178589555	0.5615983288840388	2.0500911698513664	-2.2794484496337413	-0.39040041919521296	0.2529702829227797	-0.8343360459123594	-0.6269377703540429	-0.20973698893505208	-1.6264080147438298	-1.5395042465119668	0.030501348659132475	-0.0052178484116856836	2.0176963606362937	-2.2031719942611856	-2.3826972354218663	1.934485821912972	0.04002183998286148	-0.2066591364264512	2.243019017190535	1.6704310961770148	-1.2790942535257175	1.259465093907026	-0.29366686358747535	0.2603752220837898	1.5015913476629792	-0.646873792148575	-1.2209185358663115	0.93373132663733	-0.817357957960694	1.4633535153983062	-1.2136477507026124	-0.060699363569975115	0.1523546978649055	-0.4873060527739837	-1.606220852177873	-0.348394259942647	-0.9386956997637951	0.3854290960273239	0.2861614336399218	-0.8469904221515667	-0.684102039211581	0.9313204192741563	-0.40287959690211844	0.012934994887342713	0.9408792599996033	-0.3295614758728393	-0.8338566543639159	0.3968390607871642
S1PR4	Coupled	-	-	-	Lysophospholipid (S1P) receptors	classA	-20.864477129292972	-0.8662578180591904	0.8429619076356992	-5.863382901632847	0.9733835529105157	0.4921585720607703	-0.28088077674472134	1.7754689124611478	0.7218284954759079	-0.6639754590688167	1.25619659679391	-3.0858474593353056	-2.114557160955097	0.7323109578728852	1.7540819468511775	0.11554319181411127	-0.47742807785830044	0.11544179222614635	1.455876175093969	0.13288308271135152	1.9063279060848468	-0.5031461959956611	2.4983081890652494	0.9816961128614468	1.3037561098254138	1.2167146307407684	0.9472732369124739	-0.5592155773612836	0.15505036158883773	-0.7624439767663448	0.5194374347830646	-0.012888642661376109	-0.5038368433606204	-0.7513140828813633	2.4014933485996153	-0.17028412158236383	-0.5898541942051423	1.3237774226567187	-1.559864689249265	1.4602465770445896	-1.3926549174544747	0.6808992523046379	1.1944030053491568	-0.2698393812842423	-0.5464339855524488	0.24481952310053984	-1.2520561225233846	0.2938284824197143	0.45222807044537366	-0.4300436522208507	1.327023254424362	0.5950702191790308	1.338942455781675	-0.7947049864649446	1.0612636664781256	-0.5423886839576112	-0.12105054016546202
NPY1R	Coupled	-	Coupled	-	Neuropeptide Y receptors	classA	-15.309573170327832	1.6547101217487539	-0.4735143486882154	-3.6532953709604	-0.29429581766804563	0.5455517793323983	0.03406276054065386	0.6815694988223482	0.8785487345986173	-0.5801044467266481	-1.4400980734196285	-0.5557294344176785	-4.004960108643243	-0.8208477880284155	0.7784368499809943	-0.9478229787934982	0.1503570420345319	-0.8154529885457826	1.47862930835505	-0.25533803977112457	-1.3466368625029683	-1.1928212870108412	1.585807811887264	0.013319457195683402	0.6129644495795786	0.7751525484451354	0.3635134250425442	0.7974080893103518	-0.6563801805522163	-1.223519688252606	-1.0379292388734689	-0.058933041078457864	-0.4759695694006887	-1.2867679551936095	0.9831178916738952	0.03454274819926085	0.265652564772465	1.358074183576479	1.2293066615450277	-0.871488101432328	0.7141007855280549	-0.3979361626072342	0.21880678564578845	-0.7350952351422225	-0.028337288618489328	0.16325583621436743	0.5447042204072133	-0.8336932982139821	-1.0675039640781647	0.2648230297578424	1.3433003903489393	0.7813692983966667	-0.8193049981034269	-0.488449735253345	-0.12064826793611926	-0.3653454225149822	0.44142517135371323
GRPR	Not-coupled	-	-	-	Bombesin receptors	classA	-1.7637263796031977	-1.3046472231240855	-8.80955279406646	6.545703058023676	-2.466218699066379	3.421667063090427	0.15172494768465553	1.3712430807212819	0.8456312356404639	-2.6023031042812157	0.8052097288961682	-3.2635486227454136	-2.4763195635697364	1.6370332390698275	-1.6753988530973825	0.9464169924376723	-0.7072522653415818	-0.12215686859770265	-0.2308382040119009	0.06419202275182313	-0.1456972764085873	-0.4833942996649851	4.709377522067209	-2.221290927537875	5.5191446197063705	-1.47245605740161	2.0557290967198814	-1.077574405415173	0.2500201038041557	1.1961351995376603	0.551176168290599	-0.5855980688763429	1.6826221246285888	-0.9455599449172434	1.3167941011153728	-0.5062687163282531	0.40827634736072416	1.0616226624405494	-0.01700565696180938	0.20812958410271257	-1.1921454617951446	-0.19091207087731762	-0.8870165795227749	2.095730791185381	0.7576035277835987	0.34458216074984016	-0.053442314141895805	-0.37891376643286645	2.4364012404252664	-0.016308118663605733	1.4576719388844692	0.03819778344976669	0.1512189387655048	1.4125536417252804	1.3041189932459207	0.22345543735149132	2.2464946195135718
GPR88	-	-	-	-	NA	classA	-13.39358477191211	-0.7958079157196539	-0.8553031744076646	-0.3481697933477043	-3.756302106338969	-2.923459804409663	0.1252437605144983	-1.207086925535849	-0.034368956699477274	1.0243522236243219	-0.24757284576316027	1.1209087544464365	2.1835971506707597	0.9368346730942533	2.7531551017307963	-0.8869278957534832	-0.11029795633255332	0.05630751017595339	-1.2409807349001205	0.4262485677998698	-0.45647284519622067	2.6124747755860795	-1.7660527662435364	-0.7706355771168458	0.17842212518189224	1.624043742236635	1.8304834600533149	-0.9749410962679713	0.17159408185568922	0.5840333598037674	-0.24552470500789653	0.035403396935763	0.11871534092645457	0.9874968319913701	0.21181927732416894	-0.0904994298268846	-0.07089766744601049	0.6725313106494654	0.02061535711067756	-0.4367545803793846	-0.1243034236399916	1.0079191048951373	0.11719734499618067	0.10958865004746378	0.6956717435796151	-0.02479485382136844	-0.22500055318202886	0.803295246455988	0.022518700754094578	0.09504743457845063	0.955203273564087	-0.11895850007953429	-0.5966924351169327	-0.07516447173294503	-0.20732391650511597	-0.8028575481815599	0.5860830249549761
ACKR2	-	-	-	-	NA	classA	-19.49157279777392	-2.084453005302551	3.444736610076275	-3.6233158422854106	1.0641299524280978	-2.447780144381815	-1.1660378313602866	3.3516637703431216	0.14124217543918338	-0.506094857978935	-0.3157460133821051	0.8822062763318176	-0.9809486316817047	-0.41370829310409535	-0.07329963061438004	-1.8910013422904732	0.2042405169616986	-0.7793189735586952	0.7377618902751969	2.0914505021000744	3.891276494292375	0.7373745871631165	-0.3673409890440853	1.3466907138010955	1.9964286296841414	0.09183261275640428	0.8276126373330484	-1.142435369441082	-0.2993550201692325	-0.623263531208691	1.6876484811107375	1.588017866024316	0.191427346287813	-0.16728510207273412	-1.3764500399479176	0.7733710251395681	-2.1868681885403367	-0.5810912992385328	0.8495340217404889	-0.957133368407286	0.2651039093682254	0.10218363322587741	0.8519562989967937	0.7371770724747869	0.19399485611016756	-0.5306014068011682	-0.5124448241348671	0.28921933928643984	-1.0966966290207987	-0.44048317461771375	0.16371666793933984	0.1844690974552625	0.014769775061843802	0.10483049550207152	0.8814876784767517	-0.28174966485517955	0.9121975231903192
PROKR2	Coupled	-	-	-	Prokineticin receptors	classA	-5.402071943892499	1.0053121910784937	-0.6338396026939722	-2.918424069683474	2.246685351371091	1.8197018054844578	1.0604748037609142	2.5561141610682556	-1.0813568851115116	0.31186365050849324	3.406023724749502	-2.250287124538473	-1.3551088818903698	0.5971435156666274	-1.9235444942298103	-0.18258064023061837	-1.123605279511601	-0.6721970996031683	-1.6233398763322646	-1.089983764144807	1.0797045074150957	0.20746619237720126	-0.2039495780417154	-1.4051371692583174	0.4726677930179271	0.2457780369381197	-0.5955635775496144	0.8347764709362377	0.1365463342661696	-1.318356386490606	1.9274829672790037	-0.21726330207098243	-1.0176464462714057	1.0671999821910143	-0.6747673875045718	-1.283002426421547	0.6537984732618176	-1.3014824477848737	0.46569845641831586	-1.094095929005559	0.9036182676412204	1.2914312845355236	0.8179042146205159	0.3056638121239675	-1.0560848022642673	0.12366262225829391	-0.03763531497991424	0.9750100231850471	1.1059976002585794	0.9505085098257471	-0.5892007997441062	0.19670383355213614	-1.1720322970432075	0.45347277828458077	-0.28561645371461475	-0.6351075490046066	-0.7583725329473856
S1PR1	Coupled	-	Coupled	-	Lysophospholipid (S1P) receptors	classA	-21.894036615030487	-2.9381537448465833	-0.48253349782829397	-4.165949874842701	0.8873821803742193	1.3706519100407675	0.34722931441889227	-0.8024901526116657	-0.09566401383421226	-1.2392536239603262	-0.008898252806603248	-4.455263208545589	-0.0945983390085494	-0.7315947972640824	1.9541491142866243	-1.3908924712306845	-0.5015295068671433	-0.24066998417835672	-0.6497034153734317	-1.3175477754346312	0.3614937267850436	1.8297827355271947	2.1696611008732796	1.977795885867561	0.8021556098355815	0.08153214486341831	1.3360436949401135	-0.8616797677791664	-1.5235203894707805	0.8349995855972575	-1.1418646867842543	0.04713977266895948	0.7015593073256273	-0.6776962176780043	1.2393904957331465	0.2485615128216308	-2.173338264761921	0.6763875801738852	1.5179353414804948	0.31113526946562825	-0.47555050835978624	0.7207861614780819	0.13357736423217395	0.8300043404762456	-0.4473658855468193	-0.10652884245468036	0.7392541887476293	-0.32847404235663946	-0.28254754602728543	0.23386908446431232	-0.18300858866626857	-0.14516208753205886	-0.3295025857525696	-0.2606591908088762	0.47568870660540574	-0.9198946896303133	0.6676354195970104
NPY2R	Coupled	-	-	-	Neuropeptide Y receptors	classA	-17.868236472519285	1.7259059395548668	0.40132153560235384	-4.413148553981589	-0.2256974975871967	0.6058553458169244	0.542359378258242	0.5292636177828617	3.2243703643559933	-0.968225147907792	3.885953346481104	-2.6326154475723804	-4.125102415657524	0.872891328168556	-2.024772295686257	0.6019434908328637	1.907579756352417	-0.3605145895781089	-1.4146986214506043	1.638453649951468	-0.038801249915754545	0.4036513332407543	-0.581677521671884	-1.6396026746729362	-1.5070584350675138	-0.5454223900927252	-0.940888481957074	1.8848344946331734	1.4592289371086615	-0.09994059906177369	0.829909626344801	1.1356517214701363	-1.7254214514051414	1.3828327389804749	0.07978633998248222	0.5847264320730787	-0.1869605939289327	0.9009073715739014	-0.9711997359666291	0.9409342016023842	1.2833850969867113	0.024969858249223133	-0.850625466208608	0.7155700412610444	-0.9245970291187955	0.11648457587510534	-0.9937869301328957	-0.0760524810304711	0.12413846015219587	0.46869207439223953	-1.245780616434501	-0.20586321294951537	0.8653244596399674	-1.2996508324137248	-0.3263458031423808	-0.4725274599319577	-0.2446142173807041
GPR34	Coupled	-	-	-	Class A Orphans	classA	6.990547540723236	1.5538226545885414	-3.972542379636104	-2.888671849550735	-0.8082380065687592	-0.6878228065309648	0.9630475995061851	-0.9095812702715593	-0.339627513698277	1.1348318683954857	-0.9696461247865714	2.654400934256246	-1.2440053136371538	0.9038024149701083	-1.4878303580421042	-0.8035909376361795	1.2349718472807925	-1.1719236738083734	-2.012184105177679	-0.9816882467778609	-0.2321899793602914	-0.29475414563043667	-0.5769354751984906	0.9627121572876244	0.6473995254749733	0.7578237669966886	-0.8239136883309132	-0.6201688787803151	-0.21826197060933755	-0.331881984722915	-1.9381315572044648	-0.04178247896622266	1.858322665787332	0.17198260223204584	-0.606080324410062	1.213538648806238	-0.3275178057927881	-2.0670659849012964	0.19443649726761442	-0.16150642066576715	-0.034837378890107934	-0.541988382299503	0.8621796061691636	-0.3899545347742477	0.5309569538037404	-0.379936807275531	0.710985313716293	0.6335413335553068	-0.1210837045061153	0.06753380562370546	-0.528658501514225	0.052149557419709974	1.562984397646557	0.86901204405584	0.03760951782089477	0.013839090594138237	0.2541228669632864
GPR132	Not-coupled	-	-	-	Class A Orphans	classA	-24.02488444952059	-2.276321485355451	-0.8255793416597115	-3.0929299847969487	-0.3203676672362916	1.3257829502650047	-1.4195333428393926	-2.5055949358297833	2.3255538405837517	-1.4443859729509907	0.23587016229022	-0.07887510351000067	2.5462331597035015	0.5225261159958476	1.0765121034030434	-0.3114750515533463	0.026684996659442465	0.08299967749912308	0.5565157444870523	-0.9819932504521942	-1.672288913511055	0.3122456970111707	0.37455098038656415	-0.578147970046452	1.2087162304970405	0.8597888924293476	0.18206543813303008	-0.6234905049811063	1.3516281817921094	-0.41029215079497783	0.6660517033907931	0.42518211421228247	0.8998800096993381	-0.5806877111622031	0.17123532550754317	-0.3133046314843853	1.1241645571434096	0.054958163050905826	-0.41794612014440535	-0.13981742237175981	-0.8061242948919376	2.0311496539426073	1.4431893351832692	0.04312862485633466	-1.2676348436842269	0.6590678172458738	0.47810673986189844	0.8937512936044175	-0.17588636170112265	-0.9989576373178414	-1.2852684908841723	-0.09593046701716473	-0.6382929555507181	-0.2948237772446498	-0.5436428958695343	-0.2260868480840581	0.40342631331831785
APLNR	Coupled	-	Coupled	-	Apelin receptor	classA	-23.82678808315776	-2.1473762525598388	0.7090208448143964	-2.08314086456087	-0.41660181111837585	-0.3909068312297441	0.7020242821524031	-2.834851367635811	-1.231236439820299	0.5514922451520472	-2.0754808245695098	-0.40296794868357894	1.972889706163229	0.16814213284791685	-2.9597421290438133	-0.8081761951065463	2.1630626831812	0.4397089899523843	1.6798311409978202	-0.15008526682264312	0.11726302620433994	0.873562815351171	1.827871623650989	0.9738832456704042	-0.7875348040681157	-2.2379080944341583	0.1444814072464762	-0.16474341747837778	-1.207299493434079	0.30957191110493587	1.0166010030411672	0.5371027356270284	-0.6535477190538839	-0.8514564685727783	-1.0508611839746704	0.2664217544719179	-0.59831873645817	0.19143591509991914	-0.4541982936893701	-0.21755741653536256	-0.5763276307595941	-0.751543563643971	-0.7221752460266335	-0.4785922060449288	0.3877875583411557	0.5557096650581602	0.047213306473224734	0.6150427123084492	-0.24554757143525816	0.03150315094646663	-1.389637641886171	-0.07220446944953628	-0.30541538685368474	-0.3790863634050562	0.5740861583216286	-0.5168245998747397	0.042135565244817826
OPRK1	Coupled	-	Coupled	-	Opioid receptors	classA	-9.346339906058569	3.184002384482749	0.4874066525178003	-4.301289895598449	-2.0455781258890853	0.13516575142038056	1.9003502454989794	0.9422293116673397	-1.176417085218323	-0.5061059837706009	-1.746211464779189	-1.7812474871591812	-0.6966632188036853	3.194207689755252	0.8633159930082757	0.10852935402980464	2.5075770978665846	0.5561952448080494	-0.04297471665235173	-1.098826936510793	-0.09398734217694242	1.7855744727862322	-1.0519147244079712	-1.0651790591241512	-0.8851533025265548	0.9386546408428106	-1.4970175386651319	-0.5446271756736069	-0.04511886341208405	-0.7768603314989007	0.1835405658105887	1.09767521425912	0.14333149629643832	-3.0208250184838423	0.36310031922773833	1.1501817125345961	0.31087007193296035	-0.975146763951932	0.2970060201295614	-0.6565482206421394	0.07717831060386364	0.9277674452352075	0.961627727185658	0.9343547635340123	0.9156077131737013	-1.5318741789165073	1.0173855615176906	-0.8327403101237879	0.02269099438242859	0.5309002366124079	-0.5958455312607038	-0.19883417866246217	0.2675396258972483	-0.714014496309076	-0.17206997576614033	1.1958020943516903	0.7143870810788439
CCR7	Coupled	-	-	-	Chemokine receptors	classA	17.72910737300121	2.319774031922662	-2.3935147624512987	-1.1712445007599888	-2.147859627114562	-1.390365053856845	3.20554093697133	-2.9361859243956956	-3.863080380697307	1.9435376636465076	1.146332537224876	4.305449423996409	0.6409927495102066	1.1588132617841842	-1.6998848378533156	-1.2931056301542414	-3.053841969584125	1.338830342547889	-0.2216875795927251	0.015831160586022568	3.0965873650873617	0.22041016017623974	0.052938259644591694	-2.7254859043971407	0.5551570729475098	0.19843823835025937	-1.9190566035818977	0.23760500830923426	-0.4207604170865194	0.8599026792291692	-1.7113382206213137	0.17503990085550064	0.3250761358302586	-0.3007463050883413	2.1544954891373864	-0.4622409935278613	-1.191259985683319	-0.614163260428538	-0.10510788463671758	0.11429267224086871	-0.020438587211882756	-1.4319054244126168	-1.0673629081032046	1.015925763223269	0.2111235520862636	-0.23298671528953588	0.1620535151941078	1.0486882839981988	-0.1488586023893505	0.5608684784653736	0.42965799207145106	0.13254077059411976	0.8125418151859284	-1.2528820203615976	-0.8923736128986354	0.6715372491359707	1.4490698055929376
MAS1L	-	-	-	-	NA	classA	-10.41834424854995	-0.8172302235360488	-1.052941287944907	-1.5912804412956139	2.0209657368858482	0.892707069970833	0.44518057991874777	3.1966682980310313	-0.37126427533431966	0.2963783372187273	2.492616801533088	-2.3314451706465715	-0.8468984460272834	-0.33814728830109675	-2.364986247482866	-0.37729970035757965	-1.6428790481271627	-0.8012584907993449	-1.6771053944784853	0.21378597004742755	0.5977653656801545	1.1408848980272168	-0.5110397848524733	0.20950941870085807	0.8900502817223364	0.32230357930875714	-1.3919330558134162	0.13090679129265978	1.1724775174368285	-0.7439396613398662	2.1233022967215236	-1.1686255531300227	-0.8679871125034452	1.134362409635535	0.22483453107803014	-0.9393960149669502	0.9458629332210661	-0.8282474933755636	0.39049918296480596	-1.7909545832168743	0.5858230838849293	-1.3124469752102457	-0.18422985597689412	-0.895130407388482	-0.6588501956066092	-0.21494670738153454	0.5501624240619215	0.30331636987093047	0.5121857065534153	0.2645361639847649	-0.3116206450500392	-0.4595135294539426	-0.5149322433968232	0.7980444932912011	-0.5070443647569097	-0.2828377877645735	-0.269007212316827
S1PR3	Coupled	-	-	-	Lysophospholipid (S1P) receptors	classA	-15.165882018398609	-2.6872828732099165	0.1852729904085843	-1.6050494641965831	3.3790327363585253	1.0492078151663962	0.5485524705257508	3.45603994885281	-2.6251009692910707	-0.777963819377733	-0.12218319111162904	-0.2964185067057935	-0.12059828398499159	-2.9157792295203326	1.3444676083868692	-1.0479611940904567	-0.07216654500918589	1.9644471900062133	-1.071739801295196	0.4192579116777295	0.6078475792988353	-0.9150087112489874	0.9742894678273937	1.5761594109666122	0.08759987725789492	0.19087126603821167	-0.281067754442321	-0.8532457394982523	0.6613092950664099	-1.912997326312879	-0.0075779345004951875	0.5650068602112207	0.12634160405064043	1.4405229048512787	-0.3636511626987655	0.06120610874716302	0.632114266006306	1.0756158569793222	-0.09078917740851536	1.0252014515744619	2.0702055416416325	1.2012907086871585	0.01732066739415188	-0.16809535615344973	-0.3020269100092961	0.2938110982846414	0.826939300235149	0.4348248842304802	0.6823433661683684	-0.8568945918116575	0.2552604548381552	-0.7542221925706208	-0.33222768801532476	0.8077691320281754	-0.648889130399837	0.8437357633822431	-0.6688660981167546
HTR1D	Coupled	-	Coupled	-	5-Hydroxytryptamine receptors	classA	-21.30569178978109	-1.9835471006717573	-0.8325141882660929	0.30969235749935753	-2.482190936866992	-1.121873267503559	-2.0302344787386177	-1.7422765270521123	5.066424204652211	-0.9498726805877498	2.8176643826641117	3.2882564500766844	-0.9123114975470905	0.6353450319007063	-1.3509614258402087	-0.6202851048625428	0.061769677163616844	0.21719252055803182	-0.6918233810418682	0.5764532234857752	0.2925137118799616	-1.5910645885214976	-1.0650811286386903	-1.5063016512142715	-0.8051875879988831	-2.221350749386439	1.2258247061710537	-1.7680939909163185	0.4321359373455416	-1.532759640756273	-0.045512068236204344	0.8707520524783724	0.22053444977365258	0.5012016065968409	-0.8643882237134262	0.46294339694335757	2.829564148731199	-2.272278068253566	-0.2688698419002513	1.093056848550964	1.1084305690341614	0.49428597326071694	-0.19841175995148316	0.13901508786278063	0.020181168104227324	-0.27495505454175306	-0.9209132510066779	1.8554138514444758	-0.6760223951147036	-1.156737707765804	1.2729335214848094	1.3886734126326141	-0.958687595328229	1.6371778009329854	1.1800893111944317	-0.31436741510372396	-0.37271904714986664
P2RY2	Coupled	-	Coupled	-	P2Y receptors	classA	1.3208755673805423	-1.026116924926363	-5.70178289529167	4.9045351767984	-2.1263890205321405	-0.8561112002193157	-1.4245694699246056	4.972838788911088	0.5353559933588954	-0.9608288072468141	-1.584155982263127	-0.27384675299535893	-2.321877879272154	-0.28335613568496726	0.8038325727859874	3.714408641624668	2.3927156157189065	0.4086677286345643	-0.39525912082558434	1.09465443295031	1.7012817704248686	0.4757083382469477	-0.4489356465708786	-1.2857817670147729	2.4550579136042745	0.467473792535173	2.628340269067324	-1.8635455319654326	-2.061332605687224	1.9671121939931375	0.2912149183616076	-3.298013333268127	-2.8298716045063266	-1.331215583036321	1.081108588365714	0.9268201066505277	1.990329234865925	0.13859192048075697	0.7792598120889876	-0.478260128085751	0.8151577889503508	-2.46664077384915	0.8136288983534629	-0.03882054121713598	0.026103939374645203	-0.5809476084974915	0.20024766270273872	0.9382049727001918	0.7153076606328306	0.6584559869166344	-0.4928251341498918	0.5366546082239202	-0.398995553416061	-0.5596986758648098	1.6122488868382443	0.24138970921712943	-0.3692844121254418
GPR27	Not-coupled	-	-	-	Class A Orphans	classA	-11.974658892800132	-0.7907321454971189	-0.6690927359235973	-1.247779211137013	-2.587013179455561	-2.1786882010560635	1.1092628470333026	-0.5630960339478552	-1.8011817267444208	1.4137727401111184	1.0530951581189212	-4.3645682309324885	-2.3803207650453966	-1.4264541217824047	0.6621166815101414	-0.1595162707740571	-1.4402559659675256	-0.8478745674030571	0.3212370724100701	0.08529236578857975	-0.02959496897616561	0.31782855843121577	2.367802824149576	1.1999887198531014	0.0963646316574853	0.692724898482881	-0.18144371446554225	-1.7034796233416223	0.44189882399877595	-0.6719872365113968	-0.8781550546521097	-0.5057937454705639	0.17945787803065383	0.5906802976946909	2.1821534163509817	-0.30700412360773965	-0.7155408766536212	0.27515133777171275	-0.489562320551039	1.0138610559962815	-0.8214621589797962	-0.4107716371667575	-0.4425626900099242	-0.411123774139931	-0.665806447458545	-0.5403543627366144	-0.09798353323548337	-0.4765621148157171	-0.015968434699537664	-0.7581869205984094	0.7523517622631815	0.38104291444525484	0.26069997544418366	-0.5439012271811697	-0.33343552397996834	-0.21892641626715614	-0.17190482596396334
NPY4R	Coupled	-	-	-	Neuropeptide Y receptors	classA	-3.7228362719462256	0.05665853049160844	-2.559286015971985	-2.030354009411417	-1.5476623525805608	-0.5553900612461158	1.286862578443501	0.08959261815793179	-1.038746443631118	0.5477843980418271	-2.4966089281072192	-0.38108583400629054	0.10218072792417258	1.0254164372057912	-0.11289852337644794	-0.07808579284970175	0.9751083234774583	-0.6850157895170288	-0.897481820967318	-0.1981352565957831	-0.16917433722534886	0.6177372481465762	-0.509737675164062	0.7712580303533043	-0.09915530646912823	0.8930082202254822	0.3043404050400562	-2.320347286260672	-0.6705495905272062	0.10416706466539159	-1.9672844484715934	-0.02101990932269494	-0.6938298725954151	-0.42980941459262495	-0.19826301592691628	-1.3997614470644952	0.3356451059222957	1.1660260791519759	-1.0679258181238884	-0.31843468411062076	0.12991293281476488	-0.37108938360026056	0.7468335641627283	0.9377295192431444	-0.13974535453853276	0.39456615860046107	-0.12040351810346116	-0.047814576680546755	-0.12836888044991962	1.009255672873704	-0.48265716563618527	-2.075513507043353	1.5407595426558585	-0.18324444592329592	-0.8219686092835811	-0.023755471610375927	-0.3519700952700778
GPER1	Coupled	-	-	-	G protein-coupled estrogen receptor	classA	4.303586158754006	-0.5250587006803463	-4.584033746606907	3.727378228872496	-0.5902145751759426	1.3092623278642603	-3.0430173920718886	2.5641290465571225	2.5964738282651245	-1.888607442888049	0.5230310255306125	4.437078465983736	-0.26395060017971117	-1.5480861987354888	0.6445255117269282	-0.8113388608921046	-0.8864348295251476	1.0081340981800346	0.5953750321819946	0.4972860136052217	-0.6334785001285687	-1.2280127820958116	-0.0721281536491929	0.011661991010903932	0.7070428646045254	2.3533227240162806	-0.436000557868908	-2.612067090009225	-0.6517495084410354	-1.0943861565154365	1.6427474426207316	-1.4245818129949985	1.235315719711801	-0.5655815421150072	-1.0346911641660008	0.14798499922983685	-0.825958225823234	0.11020085529745889	1.2849903641012037	-1.0486417114227624	0.3955893546019368	0.48682699799632934	0.00888862691897436	1.6836746304745684	-1.3262133672325735	0.03200693571951802	0.05193488765605871	-0.1545061345280564	0.9314654990875862	0.17174483582323435	1.7549175545815034	0.6010161688661964	-0.9784086559475336	-1.4089866432268805	0.3796310630605442	0.40840176566041286	0.8104302850961881
P2RY11	Not-coupled	-	-	-	P2Y receptors	classA	-18.926213394220984	0.7986797101140364	0.6284918974243996	-3.875739414687143	-0.44005664015202633	0.20216763839906565	0.7258227798820034	0.16700589984270606	-0.46176700354861905	-0.39871034293966223	0.2632995158734651	-0.3067305222451408	-1.5214658692352792	1.6977625634028506	0.6430159277844172	-0.2696217442539792	2.6897990727102346	-0.24638161920958998	0.7878909384561237	-1.998347836963091	0.062197800206350934	1.8301494029713736	-1.8546066449716112	-2.3054386216973963	-1.8221031014453153	0.3538678179044747	-1.0760513485142114	-0.6894495479861225	0.8466571919766258	-0.6876654107225522	1.8136104353942708	0.5957875019297606	0.2977622378664178	-0.40621026955631606	-0.47192170391322924	-0.8726664891506142	0.9934120080192714	-0.6757397370097638	0.23412869314481197	0.5301647695727892	0.28475305215910063	-0.37425730535243745	0.3541053460761057	-0.2763014877282674	-0.5742084406026138	-0.6693522352445869	-0.4047253422682359	-0.262951216098372	0.8982507053580198	0.6658458656579946	-0.05627034376041503	0.8186584075367714	0.5851748095590282	-0.9588535328364512	-0.23427600657893177	0.08065773402323964	-0.26117278715947
CCR6	Coupled	-	Coupled	-	Chemokine receptors	classA	8.013823249075948	2.4489975340426136	-7.345526356889907	0.8915834307599749	-2.7849138421550315	2.6172312760097514	-0.35336796251480096	-0.7786955141093068	0.507310658356666	-2.267639803472503	-0.6945442991733144	-1.625118156823912	2.379302153858005	2.3578281243043415	1.423146993521154	-1.8573172698868963	-1.5324239517132634	-1.8142113868666347	-0.3581476624892402	1.3679290075948785	1.0460784245611647	-2.6431689515411696	-0.027935254448799914	0.7474632503134578	0.19936518572986606	-1.6830076430925154	-0.6087416744561444	1.3236022109846808	0.8483996641716138	0.2393241778394418	-1.9917220426314988	1.2922873068744396	0.11389563004356162	-0.7263324230218047	-0.27949801935219054	1.1539810784382063	0.2112022618484779	-0.1500627662017569	-1.801506111457613	-0.26290064829972487	0.21525992431937463	-0.5694479373358535	-1.438427145076141	-0.49577778558922936	-0.8109110973301421	-1.1535517870474263	-0.3995902974150745	0.7380400394823037	0.5551557257491488	-0.9050597018513622	-0.44816798757668536	-1.6523182010100317	0.35755019259965365	-0.609886053170764	0.4471060530940454	0.5913807000943702	-0.5709517767346909
RXFP4	Coupled	-	-	-	Relaxin family peptide receptors	classA	-23.562733236625427	-2.029468410401104	1.4428213092799664	-3.826592448481043	-0.7371111093297451	-1.7775621070777203	-0.6691514182914838	0.27457434238492295	0.35888805386196393	0.7716649961601848	-0.6347616805263854	-0.9786841689345055	1.5479596336379933	0.6325005020582863	0.9346709991694997	1.0141616540279796	1.8738997565803355	-2.0117998873009535	1.940821697494978	-0.5785337307604784	-0.141977950568607	0.6927287776756339	-2.175066628134257	-1.535079673432562	-1.6403056199506647	1.5456502589764913	-0.30474603628843805	0.7641050301295947	-1.0727310081773727	0.6331568843179229	-0.818233100852514	-0.21379470296423866	1.3376476338988699	1.0915632451818438	-1.3468607273739115	-0.3245522515688658	0.4068237669347141	-0.31009120442338794	0.24012988489703407	-1.1868306666541117	0.6833797634157455	-0.4200970068353348	-1.188304755463304	-0.8216276543703827	0.023325551239565902	0.4130831936270814	-1.156910480108168	-0.7941585433545006	-0.6969550489941515	-0.7282386723284852	0.9964810936606275	-1.1612708900078137	-0.18711485112630474	0.0772213410634727	-0.03879262418194365	-0.4068715521985756	-0.4622397131069008
CCR2	Coupled	-	-	-	Chemokine receptors	classA	-4.847450472521451	4.582114307157916	1.5400968332127143	-3.724942093712026	-3.9898013674829635	-0.8151199859665127	-0.015199436856543382	-2.16594988717187	1.6414049366830665	-1.5887151511033943	-1.9054772743607964	3.170673671555149	1.5718717580953898	0.04121517928401365	-1.6319112230896446	0.8091888384708671	0.27480507821749656	2.8400046703535566	1.6739368980968548	1.4219127973164603	-0.6986898961949598	-1.84420011757623	-0.13606092927393418	-0.16206942506595653	1.2166567605725784	2.970598621233117	0.618815036600397	2.6068739859652674	1.2441711903332269	-2.162318587100902	-1.1962256035631398	-0.419584279335729	-1.3605354288420692	-1.7120713555933071	0.045518469922883206	1.2088411340870677	-0.22652533129302593	-0.4340919175046267	1.3885363350003503	-1.1985771630953765	0.4937339380136438	0.48234657856320684	-0.9918518980414851	0.7431451646272482	0.5909572301482467	0.21388638378311575	-0.5646442254045159	-0.8801493301333229	0.0466883310871591	0.08376649654731895	-0.038815295342301645	0.7825362968938026	-1.0182320278999528	0.3993937280129563	0.04857107943217953	0.6820350141288717	0.8485396005882299
F2RL2	-	-	-	-	NA	classA	1.6468426356375296	0.9506641966769958	-2.042546311409383	-1.6077706982589361	0.33572423524985184	-0.47261686622296195	-1.5960834716524626	4.6118903597624525	1.6823596440275255	-0.9035840984707315	-0.4720352245870404	1.0797869803743618	0.9605437850036123	-1.6310249061120292	0.08149296119379656	0.9925354360655316	-0.1810346162158276	-0.5860464670647324	0.4297628220486141	2.2779488859069508	1.2860797621820856	-0.5140512764714203	-1.5140402773834065	0.8048273312182538	2.290699757286663	2.4157452055505027	1.0525170836017017	-2.5862326395150554	-0.3059669475255575	0.2137522192526098	0.074727074707159	-0.9394194811000307	-0.41402857070792776	-2.1191316980180597	0.2764754838846507	-0.6563074499035032	0.9569688666527352	-0.7111423782329365	0.6068754056436759	-0.9049214401593776	0.6124452086816472	-2.172031528173951	0.5392793152996986	-0.3277413612468152	0.05080695443737865	-0.015814387169009334	-0.7550256507439335	0.13208500793766953	0.7783535294258525	-0.2810944209098536	-1.0720193867450825	0.7926710633063938	-0.9750504982098628	-0.6460372734879984	0.9527662907138542	0.00429343393398919	-0.6446600608487414
GPR173	-	-	-	-	NA	classA	-10.499114837172806	1.0960762296310602	-0.5118027818347018	-4.127872834724776	-1.285481412211088	-1.1017934039072381	-1.1268754296231647	-1.612026703334514	2.7023026667623	-0.8128015327229376	0.283087415065257	1.9589832656469128	0.022615610775709505	0.2783687119976316	-0.9276556004172805	-0.6869074514495724	2.2009682812123432	-1.4301383446565121	-0.03821103985319458	-0.2956606097785164	0.7918824594111331	-0.3011602275816959	-1.0871592915534145	-2.085918031510671	0.5186775934730109	-0.12817247908103102	1.2222535440011946	0.8754468919016903	1.200062400999428	-0.4378814252190327	-1.29242373029801	-0.4384285350204141	-0.506904011880426	-0.5250415900586639	-1.5713755927605328	-0.10470473492668839	0.3585434138881774	-0.9382745925481026	0.5601831209268775	1.6612529721371634	0.30820325552042743	0.3479080322088914	-1.1671981062253018	0.3620841067910717	-0.8282191413236691	-0.5480354000759887	-1.437028869084684	0.670402177576377	-0.06699970148142266	-0.6621328157136819	-0.646452988563462	0.5837726285103614	-0.3911007835398087	1.5199509283710324	-0.24492727072471462	-0.2787186193774226	0.3722662047540789
P2RY1	Coupled	-	-	-	P2Y receptors	classA	-12.454016230052195	0.6955369669331825	-1.4029088775682583	-4.13941760806335	-1.8849183725756085	0.33683088808706735	1.4699520032251248	-2.720676421005261	0.13691323182634516	1.136715076799976	0.2778544355883384	-1.6468144471148825	0.7092663337622351	0.872903112248709	0.2558553094578972	0.029491119842129945	0.123277386487005	0.41172311995482586	1.7579367037987093	0.3066421392461173	0.43419751816975755	-0.3591845900755166	0.7289718482181177	-0.990125870700086	0.7494446884062563	-0.5564926900215491	0.9465127782472612	-0.517006196626446	0.4350384257471423	0.7903154932386595	1.1845535655328654	0.6128272855252429	0.15533035445552273	-0.19280686186155188	0.11691672369021033	-1.3300688923888508	-0.26929658615057117	0.24671513004167278	0.04939411335442986	0.17251981345803985	-0.5893914567964591	-1.3274259822873458	1.1193591498410724	-0.9793132369543164	0.5917752662395395	1.0134494658680289	1.0212396629799012	0.10190369750982059	0.26005111375834034	-0.3254757539626678	-2.0203819988808593	0.3854686478488501	-0.6443183937186159	-0.2504638438267117	0.17527648019956463	-0.4728458484671484	-0.08647633088078785
CMKLR1	Coupled	-	-	-	Chemerin receptor	classA	49.82461219282466	3.0528638950040254	-3.4092066411140807	-4.907032603411027	3.4692643882653593	-1.9842101715688623	0.08853440090209476	3.8641005417205836	2.283024001943198	2.296782743136614	2.012214490955419	1.0937527783511087	4.429522013392445	1.3318693591233102	-1.283488066805589	-2.245980606994182	3.9981579301015437	0.9001073066893459	-0.8955473396700991	2.758771069896799	-0.9715996167620998	0.7863108329777406	2.6777466831378227	-1.2771664854747409	0.11882501209943028	-0.16159113596229238	1.769055969659227	-0.9678068052729437	-0.9165449358060512	0.8685757215881251	-1.4228511347567832	-0.1495882693072455	-0.7439658047082481	2.8993957551587397	-1.2082016900548633	0.6457111897820584	1.8079230790771943	2.1631844974778387	0.3250624015055623	0.5342716261219732	0.20267402776778248	0.7812448293354495	2.1086785970441713	-0.010079341275976594	-0.1450431942602073	-0.06760172423564696	2.964635406332441	-0.22281407931005523	-0.4615305279754588	1.3141227797048969	0.5520379585621312	0.29205609292378243	-0.5417074198559971	0.7791002835509473	-0.6778159448488239	0.2003460070977682	-0.37350705929575206
TPRA1	-	-	-	-	NA	Other	-25.127972032454576	-3.204795397918844	-1.0227217539259594	0.5797986919031209	0.25291969245879214	1.438416122648144	-0.5699224498334072	-0.477097099432516	-1.1317814848123129	-1.8872022703260691	-1.6188427151635858	0.8971682832870269	2.3058109467583403	1.5666454114484332	-4.058762986247823	0.1576681930984727	1.5982498980759519	0.18436756179090044	0.279752130389703	1.2506887177407704	0.3920782055555747	0.8546525600626881	0.55591780190803	1.69987335522715	-1.0822152930212368	-1.658211182067803	-0.7960413780281697	-1.4284115465943725	-0.6951898400315659	0.3954238383964612	1.8790161974257933	0.24935929925711425	0.3571942201501061	-1.060419991463057	0.0876286580067604	0.5576394195801817	-0.4993622303838627	0.2742824647838217	-1.0377406222406462	0.6313370211398858	-0.629292716776709	-1.1719521209503863	-0.2280622456435607	-1.0508969477326164	-0.34332499905322045	-0.6825221542031626	-0.32384063857168044	-1.087148348387819	0.49978546587810585	-0.19062685018104325	-0.34376612801560014	0.6745629252125033	-0.9102561782800486	-0.360034202534364	-0.43132080982802296	-0.29908138150958996	0.029853156670032393
OPRD1	Coupled	-	Coupled	-	Opioid receptors	classA	-18.88122862395858	-0.3073383365931851	-2.903017196997025	2.75678920117409	-3.0435466529789683	0.43797977237039293	-1.5695365473275824	-0.5545167861643697	3.69358522908054	0.09055884167513797	0.5836054859549686	2.1591118108782235	-2.8873872869227353	0.9816430737970443	-1.2594304114439063	-0.8056866547387215	-0.26363374273644846	0.45849649603962184	-1.8140467160806082	1.1334726623466607	-0.19340237651213268	-1.2841251346094054	-1.786405586288821	0.9049011856125968	-0.08397362250613727	0.5026901598701531	1.4069044248280986	-0.7729603046171725	-0.2276864254106958	-0.8874434779493364	0.17606410063904032	-0.482001495025428	0.2725917550228532	0.7999979415601296	0.0077176868886822975	0.7329376936844569	-0.7076264102171675	-0.774589991233641	-0.6385801502003154	0.21263372832393096	-0.44406373214636585	0.05246385881945738	0.16461743180334404	-1.333836196088035	1.9924710174607874	-0.5543245038478658	0.8783729024071666	-1.7379421270626354	-1.1443091240166419	1.0047203587239701	0.2763742596197292	0.1133898697113356	0.6614167503331098	0.7287292083078304	-1.246492898749718	0.8077708216495834	-0.22408084852265217
LPAR5	Not-coupled	-	-	-	Lysophospholipid (LPA) receptors	classA	-15.905005195720928	-0.1371662338182656	-0.10653173837603012	-1.9858882785554608	0.6396250213266292	1.4105097814773055	0.7024783907731903	3.3724095331319166	-1.3257174512681007	-0.16960754643574258	2.6485717254661427	-1.998726082876306	-2.0877977795164435	0.19653503228497116	-0.49872608913779404	-0.9861485509452038	-2.394953327467897	-0.6807314701138567	0.6457277648095818	0.3039493440156743	2.837114288930144	-1.2048461834066606	-0.5697636820270386	0.7001591827126532	-0.28386527282215684	-0.5609895983233345	-1.0092284261840416	-1.2264282426745925	0.30912442639139104	-0.9343987660714098	-1.1051584996494541	1.0067392044188355	-1.0494670671842983	0.5846864682137628	1.2163047277614667	1.767656960013421	0.5101264846443803	0.07231210445378587	-0.16624844752855245	-0.1452243766540566	-0.572048190089653	0.14789208351941305	0.03297866944799665	-0.6415521053282165	-0.4074201870893472	-0.6164074381354558	0.15880162777869347	0.12734919027441186	-0.4358834225925657	1.1981100711894985	-0.9406720991939955	-0.15759991746170987	1.5281829277760965	-0.1342808707057759	0.8230327998232345	0.6533685213453791	0.26977573739451477
GPR45	-	-	-	-	NA	classA	-15.275569582595406	0.47304460158130257	-2.9182185162478955	-0.41434154175332405	-5.083503116888694	-0.19505514553970962	1.341997810451033	-1.2898219184494595	-0.8134196297967337	0.7981200704208335	-1.8277392116098512	-2.5131258848542424	-0.6950273149584065	1.529472209082968	1.3931009444854692	-1.3097260948596399	1.429386851248661	1.7640439463842146	0.473102975321946	-1.0665767973098477	-2.699661348316218	-0.2124845923068456	-0.8334074712232199	1.0114751615671334	-1.0266447167282946	-0.6112139501478953	-1.0736216032369261	-1.8346660659590306	0.7035737925409877	-0.6966332601418347	1.4620326125020093	0.05137032149936376	0.11387326180677819	0.934570740512985	-0.5023818337490775	0.39601719376347544	0.24654237112282937	0.2084969612314902	-0.6449304128211741	-1.2271896828212845	0.4860166263526041	-0.48416697692896216	-0.6074147894528632	0.8429233725019721	-0.051139397123182176	-0.16857042974378667	-0.4706578278631414	-0.032090606131723806	-0.4624972834755865	0.9385106969933212	0.8291588274237744	-0.32378146561494375	1.1449826816888742	0.25390852888076243	0.8188765522495823	-0.3690952406736065	-0.17904833777322443
CXCR5	Coupled	-	Coupled	-	Chemokine receptors	classA	-16.840866336368926	-1.0104151381277067	1.848492482213018	-4.671918655615575	0.6619415428382618	-1.9803327006618694	-1.075640794851948	-0.5962636352876493	0.3965287804587861	-0.3885413646991304	-0.47879035123845853	1.158804994138727	-0.26274126203386644	-0.16779653941720396	0.6671070349406295	-1.7210880051877666	2.678771375406682	-0.7593660100941134	0.49936511280173224	0.6798608558543838	-0.8502411132124124	-0.7565803051986639	1.0368607913321348	-0.722516064230881	-1.0834760125300311	-1.8337835691846007	0.5939485029553825	2.8151057513122684	-1.2364897899375389	0.8981833865933692	-0.015389726580281581	-0.3816718044223365	0.09962002778991838	-0.1844684180469985	-2.188053850436441	-0.585925703885095	-0.46890679724505724	0.695207744968224	0.24729412653426056	0.18919962331380422	0.3203346769853032	1.624774567653296	0.3462809497993133	0.4566639704520815	0.14631555655729828	0.04833282290412104	-0.03753868675212986	0.4753842508697906	0.15192688637805196	0.8693598536304965	-0.02389911842788397	0.5345267238885355	-0.2823241285584107	0.21568128280002605	0.8562366716936652	0.6044939221114057	0.4691331261144913
NPSR1	Not-coupled	-	-	-	Neuropeptide S receptor	classA	-12.978465802186772	-3.524870722764036	-4.153644112467305	3.3990110662683737	0.07189986087940471	0.35909992709642513	-2.4393064205190402	3.6055025948479433	3.2980776584421383	-2.6327454673121022	1.3664831293712296	-0.7062112682109862	-1.0076638271008689	-2.238575553136334	1.5323922215471137	-1.7076991474501966	0.9988102380144874	-0.21169276991248323	0.19318570460603557	2.896349426600572	-2.156053922706415	1.5440707210748752	0.9069596293517336	0.6483966016802665	-0.034571787502900186	-0.9835218881228579	-0.13827486558775062	0.9200037028602961	0.37727832352045004	1.4269671587524422	1.8754789317299874	-1.9630930804656481	2.0649542940149193	0.7082313075312725	0.02415903827639505	-1.1362978519001696	-0.3869493765911266	-0.1567687212394154	-1.284160198385386	-0.6846605995618579	0.33860404533933275	0.34171456418897145	0.3881316695625854	-0.7155669986629181	1.011703510572658	-0.20657634434734523	1.132163705004495	-0.2028414763840304	0.26998490101253103	-0.26357962224655784	-0.7280516788588529	-0.4419078595298561	-0.3995145245700476	-1.8112273428175139	0.12037294102945437	1.2334622612311223	-0.7404002807626928
AVPR2	Not-coupled	-	-	-	Vasopressin and oxytocin receptors	classA	-30.595230486571452	0.38540534158244677	2.964185890431831	-3.5834827779482037	0.15106365568439628	0.545302860004022	-0.426976453852814	-0.86018970619743	1.9598236756606953	-0.4803394452716303	2.4524665933299867	4.125823500776096	-3.009343571195646	-0.452796029011388	-2.790217582202797	-1.7896442414000284	1.0265629537071246	-0.08957812686489508	1.1407163132999825	-0.04242643147983067	1.956421934833605	0.7077545237667476	0.5028153076230782	-1.6876982447734858	-0.7932460744063581	1.170780717858917	0.6862105524889812	0.45525600286025414	1.0799581652878254	-0.412706889416589	0.9514995586140468	0.6205485169802653	1.1187464965809781	0.4089250850483621	-0.85259957184022	0.9406954279611887	-0.1539453458977521	0.3018201974923588	1.2524491308329406	1.6443333721381015	0.28113254642277796	-0.28098202288231017	-1.0527885717398977	-1.4166751343965842	0.5077698128608056	-0.41365326652335244	0.30067352910371314	-0.6280950056332777	0.5166804590501668	-0.3167351289602435	-0.02478095509688961	-1.070862792116548	-0.8435705773041934	0.4815058272210454	0.42441493066747626	0.08942203746667694	0.6845589909459883
LPAR4	Coupled	-	-	-	Lysophospholipid (LPA) receptors	classA	-35.379829869884105	-2.7226930739990083	0.9509513625287914	0.4674368883567028	-1.5507932369390336	0.29640875521078097	-0.8303934606050698	3.350344186154859	-0.8035433132652545	-2.448053595070963	0.3854716784507806	-1.2748875192653786	0.12642011369145706	1.4285922074592439	-0.2293750963492467	-1.131255252410688	-0.03485583236695973	2.1736080363560455	-0.1862883589001352	2.4811123769449717	0.8968295321725237	0.5453719699227686	0.2715735747482389	2.4167009272257824	0.13413634540735908	-1.093472028349061	1.3521788736262679	-1.6618987591763887	-0.6203325539360216	-0.23860523476918427	-0.965168196477092	0.8343570181855424	-0.36384785617794235	1.0523263638836853	2.0292874481307037	-0.31686927161045736	-0.07402888028586772	-0.1801718663405342	0.5017897719186838	0.32730860844518617	0.6287966455819308	0.8321763698944469	-0.7799905489839503	1.745625797242251	0.21863774611985526	-0.5123679742285782	-1.0815310650142136	-0.9829895457932999	-1.3232712894166183	1.219701421417083	1.5547565303939945	-0.3850554846926902	0.5228130887540964	0.16129463234753713	-0.3628575570154167	0.29277134729352217	0.9877085141105442
PRLHR	-	-	-	-	NA	classA	-14.665130209569044	0.31324165753156374	-2.176874855595226	-0.8759821346168116	-1.8689929507928613	2.447046786379804	0.32078731677051864	-2.1371411008366823	-2.2534483872816873	0.0953515033171694	-2.1821595782373753	0.5498172715906012	2.0287228311597003	0.27118432302003814	-2.527710945582651	-0.4912368548474598	0.9687750145150124	-0.10363392511903251	0.22334736036550187	-1.6229448673753604	-1.1325273091601153	-1.2720997122733155	0.9528947077902147	2.139010597514107	-0.0932676386505434	-1.5446699408784197	-0.9643360787596829	-1.6779075759331792	0.08446304661732285	0.3066542658121159	0.847891041676055	0.9718247593326377	-0.6446368926256755	-0.8156150588900789	0.49644253123730664	1.5676183926489131	-1.0346147849479732	0.3196603564045451	0.14044862481533743	-1.0698287096528238	-0.7289781437653112	-0.5914688674674017	-0.47851497923092046	-0.22259573553483153	0.3777700085672536	-0.20673833784656415	0.3730930072570132	-0.22296906635522937	-0.34945476882199805	0.4893121044010936	-1.0678676537113794	-0.2951152045889318	-1.20702119274277	0.4136884753670339	-1.1725267970745805	0.44197962691544174	-0.29645175184183986
OPRL1	Coupled	-	Coupled	-	Opioid receptors	classA	-3.0488121027651216	2.3464607857568502	-1.309973779703258	-2.217872177944654	0.8794195466937422	0.5746307328077919	0.37248683409792976	3.076099886795925	-0.13359861736623027	1.2499135517665751	-0.5850943907848412	-0.6428550643049973	0.02837010460989735	-2.548498503939037	0.34988260461358534	0.526915526308973	-0.6285039878657899	-1.60237031484328	0.0017609250655079515	2.691359533964309	-0.3224197803121506	-1.8482091055774263	-2.0801130001067687	-0.55883106284475	1.6010356357301796	2.537854215485679	1.492120394176697	-1.0372565308936923	-0.33189237291931434	0.9804950336292865	-0.06874221216463025	0.17545639854382922	0.022791398115475214	-0.3643692897256976	-0.29153738788121353	0.32817761607318635	0.7213470783866014	0.08465733825645828	0.7856043683483025	-0.8560870455687338	-0.031103321567897985	-1.3415412608341093	0.04276675304003328	-0.7989624947361772	-0.5891533583283217	-0.35064444750474	-0.33367754137438405	0.21405380843066846	0.7584290705832076	0.28147757429905335	-1.1943610035065333	-0.4790338458693199	-0.4083647068036095	0.29342482912188433	1.9106179134678911	0.9480831937638344	-0.146513622885034
GPR85	-	-	-	-	NA	classA	-32.08167775279989	-1.1920731328725085	1.696250709319606	-4.313557069505109	1.5749606759334656	2.1891580370047405	-0.7519109730650753	-2.228118943042849	1.112426317033407	-1.5181184462521673	0.7727538041360362	-0.5757625834689916	2.4047610692663786	-0.03698507447692923	-1.8920364331365174	-1.0549185827907916	2.3117224331492388	0.003799128840683653	0.6039519882206982	-1.9672499197445943	-0.12168930150698609	-0.8667007604935469	1.1207498483661147	-1.1006640890264152	-1.6964940149864427	-2.2916762951922727	1.0994159742781615	0.7541443258673738	0.09163630471241335	0.6377349193114101	1.4960760380815192	0.1402763651557274	-1.3151369088163356	-0.40596646888435867	0.6085948017584891	-0.9370594930100111	-0.38020714618956536	-1.1278114827994874	-0.8515689177515877	-0.4838377771436597	-0.19248530930326305	-0.5187648705266483	0.012595516073175252	0.19948258021065113	0.3640342195526708	-0.3410294411528373	-0.11905355547203927	-0.03843239184584142	1.2423835077677405	-0.24594980893467555	-0.9269158262560516	0.5072780632174173	-0.21649510484745316	0.5781487014393526	-0.7895237692236136	0.08571635912604647	0.7696293171012789
SSTR2	Coupled	-	Coupled	-	Somatostatin receptors	classA	-19.841908789079273	0.5778296740213225	2.525423324988372	-3.854942152971499	-2.2280692777459423	-1.8140804201923022	1.1333448229159315	-0.13297952891504056	-1.9202861107096507	0.5102495381320884	-1.1539589983164333	0.6935678608818469	-1.5241564556848057	1.9279098571882727	0.34120900055061504	-0.2109871923442891	2.415020443762318	0.8560148361220804	1.0514428379662715	-0.9434395367557663	0.017181116956582983	2.2803392223091654	-0.09962164702235998	-0.571083465098642	-0.8300354282603347	-0.32198607145619573	-0.7878149431726492	-0.6176843567898421	0.6122474282790167	-0.9738042193127521	1.3158493148587038	2.0704438429884067	1.3221867416546165	-1.4763659268173317	-0.8115237600858719	-0.17063521344254798	0.39270800925424904	-0.19818185484730066	-0.25050969895967234	-0.3319813884174124	0.7596575061108918	-0.7175153022683669	-0.5725290353127679	-0.20363057187835554	0.6208277350693141	-0.5752126597384024	-0.06933968566469897	-0.36490580979651377	0.287082847769801	-0.8293471306546398	-0.7404107073304758	0.5721127714768182	-0.34336144398008656	-1.0248609226651788	-0.5574410056239811	-0.38358266746822894	0.0889284115786552
CCR9	Coupled	-	-	-	Chemokine receptors	classA	-23.788784468235875	-1.6734351808907897	-4.431992800847681	7.183748693502088	-1.843661779967857	1.6540521206326553	-2.5376932661757556	0.007484510225698485	0.21405963869573996	-1.9073370932532756	-2.060410320325854	2.0314019084887303	1.973450985178285	3.308183835133913	0.4859437782342172	2.5734159484159673	-0.059659876004530356	-1.284972449584866	-1.1366786402874458	-1.151820323058367	-1.9491739641337011	-0.8045382757967596	-1.3798339634101406	-0.8769386551824873	-0.3690408740091888	-2.181335714004593	2.133271755958851	0.7958604472797164	-0.5033738662617435	-0.9406794344058047	0.1183026867222959	-0.8736746790901923	0.9438103943163466	-0.17823164292320823	0.4530006746331512	-0.4115336586920019	-0.46382416681621436	0.8593329125564368	1.5910246505729275	0.7281931905021669	1.2335141854328915	-0.16369736193653803	0.22143859695436163	2.1246152432309793	-0.9160932667395832	-1.3225989839129273	1.4225702362209205	2.0147846612990286	-1.500364189066158	-0.9735888074857701	-0.14796172953840175	1.0611142421668769	1.9569458366051213	0.727850193081526	1.2939506489314814	-0.35334379763578616	0.16586115255443298
GALR3	Coupled	-	-	-	Galanin receptors	classA	-16.152918692603713	-0.9500388352378917	-2.396541359797677	2.0457324903229943	-5.051955683538555	0.012255625018559826	-0.1518501659912262	1.6041253776993332	-0.31131007712961145	-0.8969759460652297	-0.4642930710770796	-1.451358813417274	-0.1436240771755159	3.1028460170637655	1.8583254097577515	-1.0109498229963307	1.528751254176465	2.28356692867795	1.1590326099611705	-1.0968939740531654	-2.0856326289166947	1.195418097936893	-1.7723901161417686	-0.23184506865244425	-1.3103410635290718	0.8604893928841945	0.4072220345452748	-1.6886715200001468	0.17121262455482691	-0.3159641825473418	1.479785769177438	-0.2926391492695819	-0.3925567182529163	0.5686672005128072	-0.0953608304558746	0.6298367161597035	1.4881393398634752	-0.06511723200560261	-0.16543067795421332	-0.013371488269063692	0.33177025994061315	0.30432370075255727	0.398723692066076	-0.1860650390845771	-0.4843436063881521	-0.35053263147728864	-0.2378823545630279	-0.6327615687802641	-0.6449610994730786	0.3555750213465087	0.37189343141426845	-0.016378262370715074	1.1134632752414821	-0.04939477045925122	-0.7655261712972057	-0.8154876650180842	-0.029220457087743203
CXCR3	Coupled	-	-	-	Chemokine receptors	classA	-1.9379188559486489	-2.9787113210961675	-9.545131608631378	9.773650248758369	-2.1021135282562367	5.326353863676413	-1.2087803271032798	3.4899203262893495	1.1819636832501834	-1.4553545330562596	2.355206910993184	-3.573193210077533	-2.2565935210423085	2.28107656141984	0.43673981091077335	2.3591292475381174	-1.0338993376479055	-1.524258183997101	1.6905967331268783	-2.0864111896778237	1.35198747915288	-1.9308926104275475	3.068698863242129	-1.4546626152185886	-2.0813668687428617	1.155499177797705	2.5497620161874366	0.5837560815149136	-2.052191333468197	0.7631595027194298	0.9704880872883259	-0.1892873095449852	-1.3935125879596457	1.013996817697926	0.47643322744023775	1.426489850550009	-1.1602470449036135	0.9173648200290392	2.217714297533491	-0.41672764406323703	1.5985112013112681	-2.5736108637858264	-1.8023291572660824	1.1756163831478255	-0.366452743171383	-0.8458567336106368	0.28381719728962995	1.068764073663115	0.5424007661267103	-2.271705373892522	-1.3427536110439873	-0.786398689636183	-0.7427012899263946	-0.5866557588125542	0.6375821583023144	0.9031380394582502	-1.0709122864420455
GPR62	-	-	-	-	NA	classA	-19.823862682587173	0.7871926152554222	-0.6182035790068814	-0.06491378555781127	-2.7319341033053055	-0.15315694871477023	-0.25183446370021767	-1.5913738825304646	0.7434432882495525	0.8520463676630387	0.6675301412846958	2.4283309142007057	-1.0408618219929604	-1.1018922268713638	-2.58038929556263	-0.5495784837839904	0.3482393739994043	1.6370116912755768	-1.2467369411355882	0.3935965259323508	-0.5031175552898554	-0.23482362890056196	-1.2278175043508956	1.0124763907080614	0.010888992078645575	1.4865780128293258	-0.1916622133583337	-1.6391498863119935	0.6302197507282167	-0.9986739958840841	0.21273204416080962	-0.8352100918110994	0.14547765803523438	0.2862681866029052	-0.210887294417116	-0.3670023708022642	0.4305307266827849	-0.48706086884907823	0.9315975850714844	0.07819484435501732	1.5537431823010512	-0.35254912449627557	-0.9157159635485703	1.119734326199786	-1.7946709544706065	-0.28819888514934755	-0.46486031680014744	0.919750642878203	0.15762519081620596	0.3580762209785403	-0.021824227520035662	-0.3436421072880603	-0.17493991286984398	-1.1375471211215182	-1.0168883351359033	-0.2479732166188461	-1.3133527290015428
GPR17	Coupled	-	-	-	Class A Orphans	classA	-8.798840369010875	-1.6457471825116552	0.727486073358445	-3.277315180173998	5.333503564544296	0.9320137281759427	0.4863906294776731	3.808706612578124	-1.4557437506198674	0.09577143510804954	-0.5214246849500253	-1.2864106986191166	-2.8649943980230597	-0.724150137465595	2.412327186888269	0.2892475177904848	0.42476204589111377	2.1043703248275825	-2.27198881187267	-2.0545196270955324	0.7805568144490669	-0.733871660657345	0.6724344641225808	1.3731349639767592	1.3160572415552598	-0.20722865703686819	-0.990024445349805	-0.6442451731908159	0.6128216795591832	-0.3074696222401048	-0.16770256550956197	0.24954496232148282	-0.07642031026394865	-0.14005467497553015	-0.5936054769788685	1.0140180137115107	0.13378273412350442	0.8102133683135053	0.21710114619817975	1.6479738755811302	0.4530230790707471	0.6312538668962056	-1.118018231608301	0.5542030282464595	0.47389036022379805	0.18169345737679676	0.5578257339947704	-0.10161363720776241	-0.18858587123597192	0.2098459748563203	0.6498956361115028	-0.647830672583863	0.8506218769451765	0.6576436364872914	-1.0308092664047848	-0.40145773152793546	-0.2210969923563634
HTR1F	Coupled	-	-	-	5-Hydroxytryptamine receptors	classA	-34.16166383778707	-1.6837138646174319	2.1469022916516605	-1.2107550198722936	-0.5859426289557549	-1.2177386349272092	-1.6745082477292177	1.0958289839517554	-0.5164404931775873	-0.5599833318696676	0.16574903179811049	1.4806594401183768	0.5456235018911589	-0.22546248112447131	0.9477369896226515	-2.2116557077596	1.6881043218435914	1.4220375532554475	1.042542869234011	-0.8312047304616527	0.2962155885760655	0.6128020498240537	-0.7446026546711666	0.5863008804590895	-0.7403333179756083	-1.6169061367797408	-0.33843684583697936	-0.6389955461291699	-0.5628093958956664	0.7909325313513168	-0.4328183517419464	0.4778967509780907	-1.0976387973580448	-0.6592772842779133	0.4315427999202202	-2.242553234505464	0.0060913711685083305	0.8180972210716512	0.28725392211649825	0.5150689372529202	0.5274439878691267	0.8188772523349095	-0.296143470165235	0.6018921014480534	-0.9768322783039477	0.05849467131311042	-0.10537410960798277	0.4234035462119918	-0.41998523303627355	0.462443518224087	0.7271637054099873	-0.18109192236299693	0.096710795500687	-0.2132086042994258	2.297790500846309	1.6758117340023826	0.7043368807778718
GHSR	Coupled	-	Coupled	-	Ghrelin receptor	classA	-16.29329485539795	-0.9458024896680998	0.6233283347730535	2.04005698585341	-1.8204191237764167	-5.487554536500832	-1.4615574832962857	-0.6926514019604697	0.18582086753778337	2.9633595629049116	-0.22374510916954157	4.88130639371888	-1.7570434654104503	-0.06176301795077341	-0.6444410688786861	1.1811191407946098	0.9098114823904967	-1.3403657337778707	0.1787531777619224	-0.44572906443651095	-1.5510272663200064	0.9592066633087339	0.988206590184071	0.8082165579776678	0.037885814002787954	-0.15164991228527405	-0.24255278952415743	-0.6721668878068555	-0.9914682154012391	0.4190809384895828	-0.7807704995731591	-1.5369096424330932	1.632893217791727	-0.3812052669824947	-0.3646563138558382	1.2588649781357621	-0.35608356634842664	0.1712013469683211	0.7572119325721465	-0.1213310322823378	-0.21483196715580757	0.2660010262719554	0.48008483498944304	-0.4379412094219474	0.3441768261428817	-0.6108896249648784	0.21266653823316362	-0.6300544111891683	0.09293890295976329	-1.0609458514454913	0.5822774736709921	-0.3073912045839838	0.8470687376805928	0.13859090238246496	-0.9913475005800115	-0.616254940578683	-0.4200672415697617
GPR68	Coupled	-	Coupled	-	Class A Orphans	classA	-17.782452664268117	-1.7404912295088815	1.0796945450923807	-1.9996887166290398	3.710541393109841	0.07306968536540943	0.7163936276524628	3.6559425277037003	-1.6794699962770085	1.1679947702030067	0.1934935735859117	-0.5199410437403071	-3.187691834740173	-0.621962454170237	1.6005115185362366	-0.37984228008452114	-0.1778795970501182	2.5925666892199275	-0.6920099035366785	-0.6431167831318512	0.08727371744306815	-1.6153826972089027	0.06674701084796353	1.8947824580060477	0.15950762962564397	-0.2620326812567987	0.4102908583308426	0.5350676595528707	0.7654554809984998	-1.0164468710721672	-0.548294815314882	-0.21434729568869829	-0.4777207308742195	1.3987184916285869	-0.43199638550112884	1.6438650905069188	0.31095045732493304	0.32267875446108335	-0.6055609471097002	-0.09522488057901463	1.0863175095628241	0.9448024956993505	0.01043488670698404	-0.23582788616645392	0.5740936411582482	0.17653520192698446	1.1715470875230232	-0.07295989253977785	0.7696446399091412	-0.6796641658806748	0.29614259442442054	0.008739205895638124	1.056448738651105	0.15179048443139598	-1.0055707492110277	0.15359595906127124	-0.32153294711685426
HTR1E	Coupled	-	-	-	5-Hydroxytryptamine receptors	classA	-26.677792940721282	-3.2054605168116304	0.7771912261536515	3.947028042203383	-4.841045248142324	-5.619177752541746	-1.9306863098378653	-1.0265460703288407	0.8989603639977723	2.3937710466935385	0.11617397203805689	3.6514926645395405	-0.8913094517363355	-0.37262855517933624	-0.3041749829759527	0.5203359846562893	0.6639373552633887	-0.4669743837863237	1.1301938863933314	1.0446603119261633	1.0579600113929244	-1.327035830337484	0.48956188110414217	0.8121459516339071	0.8576379002646741	-3.203660805640996	0.5562507559855574	-1.0385586541640157	2.0018529796949482	-2.1245515550932286	-0.7335481619762907	-1.047026451249754	-0.035908512332739374	-0.3013151061190278	-0.09709605297271891	1.9003376262563059	0.5204653712382573	0.1671208856664366	0.2690869860991407	-0.07231856413562968	1.1151809581418684	-0.025631594786258507	-0.6676377510236035	-0.6020391929001346	-0.271702988912341	-0.974304754272322	-1.1079683760329444	0.9904754827350669	-0.22858254760445199	-0.2647357738706275	1.0172961646383065	0.5505255815965657	-0.3091445671354699	1.6190402094422347	1.2140448267636226	-0.9761367514561862	-1.0843382306560314
P2RY4	Not-coupled	-	-	-	P2Y receptors	classA	-30.047086754299137	-4.018749797680708	-0.7006407824109092	2.5871645750089005	0.37801837907483793	1.5454880829985067	-1.3592001623889618	-0.0788364494226396	-1.450578538250225	-1.7415479458395988	-0.06854470210695655	2.149786968717053	3.3610649737122884	0.5922917206370782	-3.0786377060880725	-0.28490980300785473	1.95309029091486	0.967790749401044	-0.45486096171204254	-0.9195509315227247	1.326767400037428	0.39673633940975794	0.6504043508933666	-0.8999641200840224	-0.560816668793314	-1.7271832305546226	0.5424636450919377	-0.5387081902050181	-0.16883344215506618	0.648704522767961	-0.03784303107613273	0.3758722636884556	0.3865893477577481	0.45688919177735077	1.7091819732977727	-0.1398508194934136	0.35099237791217464	-1.2162524202458158	-0.493775924618499	-1.18890476382526	-1.618844460368148	-0.7802086859495118	-0.11599183502603418	-0.6516409956055094	0.25264381167199707	-0.43249046280222186	-0.13170919237897075	-0.14199806876071194	0.7346901370940288	0.38348557322326465	-0.022507902102037843	0.7824757191916862	0.5658596543834392	-0.23851387236803986	-0.13938534248845985	0.6924948416852408	-0.24798102126274996
SSTR5	Coupled	-	-	-	Somatostatin receptors	classA	-18.236695821577047	-3.981146280140994	1.1954910860945875	-3.4173875174835273	2.631422687987505	-0.07034475339737452	-2.2890332947847956	2.937861909881125	-0.06479068662025732	-4.374902093212235	1.2568994196159355	0.9395309665633162	4.947602149859938	-3.02636133661536	2.1460337985866773	-2.037379252365831	-3.577096134014578	-2.5533402139494052	1.2551028253827416	2.2923797500292795	-0.3446291813251574	0.19766707268998102	0.29844091346186047	-0.4348911725225067	-0.36306677915024116	0.9600516371774923	1.0366293592871025	-1.0448736417668676	0.983950753926656	1.4915181457576638	2.492430594320378	0.807919494226239	-0.5842176031701954	-0.9772527026279746	0.20533512054836525	-0.06218134993946221	-1.0483894635383046	-1.237574699249657	-0.6520793236553211	0.5617423648227365	2.4154128836966944	0.04010361388935134	-0.4897284001746943	0.8699522269589156	0.6957380898790886	-1.0524805914027695	0.9031824266692408	-0.13815582592673495	-0.5793432909621526	0.45558218101689474	-0.3515943309673142	-0.6261220300949805	1.756467506013531	-0.39345711541786293	-0.09423223961364299	-0.8061464802100637	-1.634668455427344
OPN1LW	-	-	-	-	NA	classA	-11.789219238748945	-0.4820444103107328	0.8716832496900178	-4.468175203213938	1.3075273143909358	0.002336154554473318	0.23041987988702206	3.877619950810548	-0.9040899393862911	0.18001604522207296	1.8870829751670346	-2.5038367289446257	-0.2041218406363586	0.8051886332502349	-2.694235987454819	-0.39912463582429913	-0.8118030887063074	-1.688737623786248	0.9524708455060017	0.41419524009459296	-0.07961985117287164	-0.8816739928465217	0.22876174564222215	-0.9520485239368016	-0.04697901125352395	-0.1979610225417848	1.122426880609784	-0.8902877445836374	1.0657318012092987	-0.37470944214442126	0.9742612273084679	-1.2726845035398477	-0.394730227251689	-0.7704148863592686	-0.7259282684711503	-1.5246888504875329	-0.34111374082029156	-0.9248786026092035	-0.7378899405931284	-0.854304354525921	0.1333677269929684	1.284341906845013	1.6304643993258243	0.6440920471935477	0.41245825605614783	-0.8204658839439163	-0.5292769988842192	-0.4260936717286778	1.1463566192163706	0.9726117279445567	-0.7809237144557848	-0.7902135128368646	0.08265649996596257	0.9512975922049411	-1.243912256024385	0.09737745856711334	0.019370600814853884
LPAR1	Coupled	-	Coupled	-	Lysophospholipid (LPA) receptors	classA	-18.785202066023718	-4.160835143534223	1.1195819868273678	-3.2743158664374024	2.5673200319309286	-0.04012192963371619	-2.3679958720081014	3.2881571095556277	0.09918568499880803	-4.311622599941405	1.5261942679192408	0.6041632889501772	5.053549082120988	-2.9618811447514197	2.1331424759687967	-1.9780987128814742	-3.5015001995770967	-2.308701930312997	1.1381158108929164	2.1193239819871508	-0.5150717653800456	0.17174695845013016	0.2259454316466928	-0.24235124954445883	-0.4475563310214006	0.9594096506027184	0.6407368609449658	-1.1209889792462422	1.3116819664573705	1.6449676471072623	2.5990453940509672	0.8544710354240562	-0.7564716769630336	-0.9382591241431166	0.6936161524878225	-0.376676405960669	-1.1493931251274663	-1.0406102929282526	-0.6468588788131486	0.49384267284411854	2.436245825669409	0.08426725057888053	-0.783847979054752	0.7587265640877529	0.8312675657307855	-0.9714114964580076	0.8431250798935449	-0.08236647556112231	-0.6658547544405902	0.5363148124614132	-0.4922628169989418	-0.3718480894899275	1.5642792423290486	-0.524026049429444	-0.19009907477498195	-0.7288861807288413	-1.5099936752139693
OPN1MW	-	-	-	-	NA	classA	-1.626280772581815	3.6089867780557796	-2.843033546588814	-3.019125993790609	-3.016243902310671	0.0408518778832122	0.18679763416682046	-3.9190348770221517	2.979049036295532	2.27711067690136	0.2197395294585894	0.2573616436260535	0.3741965204867718	0.818197115781742	-1.0674330672267036	1.6045540170055796	-0.6015013553335643	0.180347510869562	-2.4680585771925316	0.10591649250862001	-1.883999137615219	-1.6746418112338588	-1.6595368818834113	0.7390491711494399	0.7931827993269966	0.48255108525173934	-1.9250963384897581	-0.7158554739701819	0.5981907659535629	0.93964314069297	1.4822779221854678	-0.31216420714476056	-0.7982081936066432	0.7986527888297189	-0.5662139980663093	-0.361122185878817	-1.3732578860389595	2.4901017906185956	-1.5212426375959622	-0.7728056101527047	-0.88304750108166	0.06781634894989758	-0.19040967995486782	0.2282546012817204	1.3165092450382414	0.13709877565712622	0.27652141425306287	1.5122740225710114	1.6734566290336665	-0.8457966009726776	0.5660998087716633	1.0626935207188897	-0.7308787187179275	0.0719912915519008	-0.42239969158722807	-0.7752506737309505	-0.03166863559195836
HCAR2	Coupled	-	Coupled	-	Hydroxycarboxylic acid receptors	classA	0.5470438533503611	0.27907704937913375	-5.515667783141052	6.140679437233565	0.04070010421436741	3.475656658779336	0.47072619590427783	3.2514701053451565	-1.1932648945441746	0.1079518097177525	0.3608481465192436	3.1062439037899643	-2.7129289871052658	0.5566017810544187	-1.1794409671138095	-0.8118931488428814	-1.9517838231994726	-1.3346100010952473	-1.2289169776826985	-1.5796767427178238	0.7181127796372101	0.07929461608776503	-1.12769060248718	1.1207072488047625	-1.1021059336530026	0.830028611205722	-0.584604928103856	0.45444654894836983	-2.696789246831979	-0.14785111499536022	0.26727435971760866	1.1247040407472375	1.8888634043213721	-0.2777887705202604	-0.2689495774252578	-0.1784122824866692	0.6167773513042099	0.22788839068254416	0.3564426028019113	-0.1066186977864508	-0.2891314077635744	0.23007176209279778	0.24833521582921608	1.788094101895158	-0.05441496236606102	0.20846177303857327	0.6280135692609013	-0.6084941402403236	-1.00804787302419	0.3495794092358198	-1.2496745108844143	-2.044135739678271	-0.24077939672636683	-0.14203403198637812	0.45066683920865624	-0.5995308258521366	-0.03953969204759737
GPR78	Not-coupled	-	-	-	Class A Orphans	classA	-8.03682576870265	1.3594151894452164	-0.2655447298808779	-3.6328534228213387	-1.3420337701648262	0.1748187606542911	-0.5385283106862646	0.7418206448044588	-0.20382406473639164	-0.006284329501335484	-0.07267968454265722	2.343912900976122	1.1080869881775437	-0.22213103851831356	0.8239004361581045	-0.011798829512932426	0.2106630332518523	-1.2768358718643482	-0.4277913578965295	0.8256207091493679	0.42074144461660923	0.29887576458743065	-0.9217837416077417	-0.6951586119263814	0.8473735478838398	1.4583878327549082	-0.5105760169046135	1.750826323090306	1.600253904147662	-1.1494644986379778	0.054616988672996164	1.26858908920632	0.17106413786053812	-0.403563523764833	0.712232148601187	-1.2752156406483206	0.13869938770397763	0.41216519872797946	-0.008219180866083274	-0.6612008807618023	1.4956603683478362	-0.48068295969723446	-0.7936110546869337	-0.07448490536473566	-1.0314859823695308	-1.3402908968232408	0.8940900244417149	-0.6205754545347483	1.2282950945632145	-0.7048143129994202	1.7206759119790176	-0.6706641688153481	-0.42385633738789397	-0.7027331584379594	0.18904354324004138	0.40598666063504496	0.6788044686305613
AGTR2	Coupled	-	-	-	Angiotensin receptors	classA	-22.095622571716323	-3.5273537975841887	-0.19957474196008196	1.0735013566733904	-0.71616899902258	-2.7245044613819194	-2.15128079866494	2.347049560447299	-1.2205223096202205	0.9127452706164393	0.27100412175430516	-1.4183765435466866	2.8590472664551196	-1.8070309032852294	-0.27263722119859685	0.13578995301659635	0.5755879731327609	-1.637893266070659	-1.3927926299300246	1.294162640843935	1.0870234735840618	0.6241326973657174	-0.22368058243337682	1.6831500294121748	-0.5130855313254785	0.29668223763275875	0.9667055365634092	0.6079302267729269	0.43059307240869993	-0.33483694911884204	-1.646431763553451	-0.03954942281725835	0.6775695706820113	-0.5446811937535704	0.3210270913891491	0.22745449741065416	-0.15126501033153897	0.16464951462284727	-0.23524387342837183	-1.5595844064762887	0.4964776392088318	-1.4851014104852633	1.15688977005597	-0.03536316669976592	-1.8006971401101974	1.0608132426479464	0.2330749059439834	0.49197098113692284	1.2362420048317497	0.5287117936917349	0.7071604889264507	0.07207139449505237	1.4539122476104918	-1.6282363289354962	-1.52473403551742	1.1666141677259578	-0.6412861315930218
MTNR1B	Coupled	-	Coupled	-	Melatonin receptors	classA	-15.90761812415021	-0.48266924795256233	0.1256838045662487	-0.4284134347344929	-0.48254781703262567	-2.6396371917683714	-2.90876600101279	-0.0538036834991113	2.1589845575536724	-0.6623900397558333	-0.03269486316529377	5.3200448611365605	-0.4413240903637947	0.9823493102056056	-0.638125590899902	-1.2798667532334242	-0.0791012654927851	-0.549765279780643	-1.0896426950627949	-0.9478378352446865	-3.06302466133006	-1.42564306001322	0.6843537999449095	2.5929475808663858	0.2186134928587353	0.6251756259777694	0.2694748659098946	-0.8464508421679698	-0.5089367401997007	1.4661179971526948	-0.08633612093482149	-0.9832206521872293	0.39375025270442543	-0.5490000999457826	-0.6995850173957154	0.6433044202076613	-0.22506566883867254	0.6135545592595735	-0.2086802079521977	0.19956045423030672	0.22746826872502982	0.16717787793710173	0.5811348066984166	0.007540081406045804	-0.31643594533294117	-0.3219001216053128	-0.47180672875942303	-0.7188624266858811	0.8907184690019393	-1.4388445172122395	-0.8199009267022286	-0.4464681317360483	0.3251438717319908	0.9509583720716583	-1.4724887227933314	-0.8625072364114081	-1.0951328772639048
GPR4	Coupled	-	Not-coupled	-	Class A Orphans	classA	18.083245903888525	1.3404310744270944	-5.576828331876935	1.979685100414017	2.008105155328338	4.189776424012848	1.427466415380693	4.558581788595832	-3.700225798577258	-4.494569304635272	-1.811674232929604	2.4352118582087106	0.5381415842503386	1.8283385029035226	-2.747240132363721	-2.0307221554656447	-2.0130280384054213	1.4804528231521243	-0.4769113243944631	0.9736236398323509	-0.6869607212856105	3.1684176222868428	1.3012700064584306	-0.05746174338879659	2.0484773583790687	-1.1724164119638119	0.5842685554867548	-0.7070157572406401	1.7301488918517778	1.416154061381172	-2.39864612019364	-0.3251726901205304	0.03021800542721443	0.22693919012838876	0.038719147788913104	0.18449776494491194	-2.6632907371934005	0.327287253568113	0.2107828861466441	0.7710698893598468	0.7473945665668296	0.33956283347645755	-1.2395103979173145	0.3703912978206988	-0.287464483803295	-0.785764289916419	-2.2701571683546	-1.2471709512732883	-0.06071411263472094	1.2517424959428745	0.16113782965231319	1.0473240267154194	0.24855325265779765	0.6172497004422869	-0.4634410530277057	-0.5114103623190284	0.4754827479065547
GPR6	Coupled	-	-	-	Class A Orphans	classA	-7.950568124212412	-1.7924198800075495	-7.0726232800814905	6.3135690455991975	-3.723291358084817	2.756449255692166	-1.0216985059960064	2.655478593410535	0.4682044735641693	-2.3680363888376927	0.33319942682908277	-2.890539106900577	-2.2511122325010775	0.9728874287623671	1.7978010064222112	-1.8145886983568582	3.3475904998834123	0.934706888290698	-0.5327774345807291	-2.651726259860744	-1.4099606240419964	1.4394050921534776	-0.8170622274877204	-0.9416737903431477	-1.3567957416905065	0.3432630466304138	0.15593207825160274	0.10697320145890686	-0.2253739406480259	0.31238863935647465	1.4287494769059097	0.23186932386547507	0.6155296269028493	-0.27977191132826884	-1.3202148974638235	0.12941803613480996	1.2375352315666541	0.3921650189434725	0.435025714746073	0.7888374369383478	0.9783870566729486	-0.9539559132972407	0.019319551685065998	1.049965513369206	0.05215871992510022	0.08126583493669448	1.1906826777407624	0.3576045709405594	0.06275539976581286	1.0001960946900683	0.6879700913589246	-1.1117233388295567	0.40078938600768205	1.2582902829269798	0.7398139082650378	-0.4867052145425907	1.802561336793858
CCR10	Coupled	-	-	-	Chemokine receptors	classA	-19.651535344459916	1.4690842404569018	1.2240312669248474	-4.750661136037114	-2.8734017662153346	-2.3121543551402546	0.6427035440342765	0.07371473150950197	-0.49103485352346393	0.43139085269090066	-0.7541704336250789	1.7598710429608113	-1.6937135308322904	1.0237637246464495	1.5509864786623027	0.15745259147006502	1.6672936246731749	0.18399934810998583	1.8041343672005625	-0.12149506800498346	-0.45307428055694426	0.03984680294792999	1.3771644125402451	0.4795991979949481	-1.3622445532299303	-0.7157500774611538	0.19344416089770344	0.43583680737418334	0.25930051326140996	-0.5108859898886663	-0.27094625177314957	-0.7175932759732112	0.12415339814625027	0.0972386693894263	1.4486867370477485	-0.5853311163752366	1.3168795830439295	-1.6528011826365572	0.5813669132310101	0.012631987179528424	0.4284174025441454	-0.16846799774275126	-0.426970522552513	-1.0046078584207563	-0.8298722971415918	-0.6428825433305242	0.12142126454636055	0.36522406927099665	0.048979348363927616	0.6968894258469417	0.39743895898101367	-0.3885801929254096	1.1476186864241256	-0.011849151268521319	1.138846117312413	-0.04162701007420839	0.3940164124172916
ACKR3	-	-	-	-	NA	classA	-9.743044984604046	0.967563124097587	1.7718138577496116	-1.2396213349740148	0.5641048956771159	-2.189745231108917	0.256084163146872	1.2995933388232017	-2.691729665319356	0.7620589223746479	-0.3774776787904572	3.381594509871359	-1.429742237519195	-1.3000916261658741	-0.31348582844753325	0.6032896044481931	-0.9464288321687503	0.6278608753234747	2.001059704537583	1.3757553628605976	-0.8602103298074172	-0.645814712206998	0.7870986857801218	-0.15702501503266664	-1.1543859557666827	-2.150898121474308	0.2923651660373332	1.029310926912219	0.018035438100667368	0.1164567450313631	-0.6966641605778794	-1.147221069330054	-0.1171267785599536	1.245656246990774	0.8601101290219461	0.2590198934879338	0.25462882127716924	-0.567551070966964	0.16400334925003973	-0.19600027814614657	0.8730521788155011	-0.2599797310939036	1.5268546658097073	0.4574798155745797	-0.33910779070960184	-0.9100360774272106	0.43663286001661405	1.2472302689728405	-0.5916969595049711	0.20750792109981434	-0.10109656174427788	0.17945523151455572	-0.404236623845012	-1.0126397708590111	0.6942447028875476	-0.06287857320909848	0.9270091972876758
GPR52	-	-	-	-	NA	classA	-37.1175741271	0.9181235336384461	2.577497354910571	-2.8270233300355234	0.38952239143424394	0.8803692847001793	-0.7359822234888229	-1.1555110694855633	2.6214476318219044	-0.6087866309841398	0.3079509172952819	1.2484695318467325	-1.7954276960846343	-0.38870016019676695	-2.5774733651582213	1.3972384079847344	0.5264451994201027	-1.336981692239622	0.0643266402372504	0.21964323475620354	0.7351750933428269	0.24418126216564512	0.25649159046210745	0.04978861365855036	-2.3168691027360713	1.0333799814535174	-0.8878372093482501	-1.7955862931621385	0.07413598993071821	0.7284359281349416	1.2260838655807478	0.0360867565578869	-0.9993372274625416	-0.024668563927492757	0.17877879405368746	-0.1982762186655188	0.13316504327739884	1.227687143363252	-0.9539524771589121	-0.3413428302015759	0.1864513564499422	-0.6324631075465404	0.0041634542709699535	0.9878966181635055	-1.1903558673962835	0.581148436389657	-0.23453268494188578	-0.6543872711519856	0.031158482249527893	-0.35385353199115854	-0.672077762766168	-0.5078165138204668	-0.6102555281583524	-0.8493330756993092	-0.3174418594728833	-0.6701294663923378	-0.20050070236958192
GPR183	Coupled	-	Coupled	-	Class A Orphans	classA	-14.485123153194213	-2.492593922652588	-6.599204688303793	6.715877730546571	-5.031717190072889	1.9868970100687544	-1.4799874060349552	1.8565100942825445	0.49419041125593205	-1.147863448710995	-0.19819353608685775	-0.12050488200335054	-1.0484728714816958	2.304390557906365	0.7303031320280489	-0.18625992747592904	2.0662061564786542	1.8281901686581001	1.8544204385934686	-1.6614270779636346	0.13983200571266124	-1.6693956309842501	-0.21577990348051204	-1.0756284436533499	1.1867328052590922	-2.2086863165642727	-0.24546638174783886	0.36891975347861494	1.5396617719389412	-0.504951746099093	1.8011705250040437	0.019141445407219702	-2.2479297729197825	-0.028831626145638407	-0.48161051628606255	0.6082139056035547	0.7758800761945046	0.5542263319025954	0.16031652857306394	-1.277198149274897	1.2436645470330954	-0.028081509620032818	0.4525201001693871	-0.02870303851718609	-0.12573720753978654	2.1616017981689115	0.24021934772461573	0.8915071503744538	-0.802155130102417	0.6191868833079497	0.5452390729015232	0.20601736140755428	-0.45719824869364656	-0.37364350033598415	0.5226213110707065	0.515893148418331	0.24096497869876785
GPR25	-	-	-	-	NA	classA	-10.1426470331951	0.7847820042119802	-1.835000733904658	0.5955213253797459	-2.9155728048864895	-0.8799100247611826	0.8667685554369184	0.33415591553662166	-3.0909641811681055	2.610138830138373	0.2103402953873246	-1.4719199808472447	0.6891460802357815	-2.1698067125575546	-0.9113958557048052	-1.278619673759115	1.560445080589232	0.7961325474972323	-0.4711550466881963	1.4338800930546107	1.7380775019536876	-0.4692873644894263	-1.3196889167978045	1.4435455573702989	-0.42433567605518435	-0.1769468742703226	0.196170136199709	2.3021108327130317	-0.7643317977934064	1.625249118985115	-0.4939787562221625	1.3022299565385187	-0.8433514547745816	-0.15203515683839072	-0.4515709895925179	1.1009106055043467	-0.8911764175190854	-0.3674275453740691	-0.4195348564681602	-1.6929546944437242	-0.7145631673603784	-0.5123349878107257	-0.009239779221902094	0.17450623846362437	-0.33555637252660125	0.35470750726070416	1.3452713321198586	1.3511414804889992	0.938725132681647	1.0090690254128036	1.0852060149208407	-1.1998756595648343	0.21189503487854436	0.31967326940361673	1.2327356612721523	0.8030042086457868	-0.22470748138286364
FFAR4	Not-coupled	-	-	-	Free fatty acid receptors	classA	-19.09983296327425	0.8489336478851622	0.4119945817303714	-1.696019503680822	-0.4925700891171481	-0.5725442874052676	-0.1650153197498627	0.23847436199960437	-0.14482169419807853	1.1711034819669792	-1.0161925364018123	3.5341453530270903	-1.8702117083382066	-0.1286548740508723	-0.23359148767831106	-0.797115069721073	0.4267868134708737	0.36066644133178793	1.569045445073702	-1.1970499648722195	0.05902812163497552	-0.6573179260796133	-0.758904316476663	0.014905134337788666	0.5579108338931359	0.02588175861484608	-0.8892095737634848	-1.263676271329287	0.7646441446601363	-0.3719441720965552	0.5202179308950741	1.171032643952126	0.1623765313886382	0.792815470211729	0.6922020938054219	-0.1137970702803914	1.5132099172108155	0.41978800073722466	0.6159590616788011	-0.5696168604965163	0.3498755864754283	-0.10397654131910007	0.24189103973538362	-0.5768763921869108	-1.0527190865065004	-0.04141109254805138	0.5449687694894341	0.6395372498295615	0.04049117364125842	0.6269494217520797	-0.41177763034342574	0.8571791892976732	-0.8849255826000448	0.9869372769090008	0.7720248483070757	0.20719544154443736	0.03148963702560673
GPR15	-	-	-	-	NA	classA	-16.252465272883594	2.40142153624035	0.12441528550301045	-4.071901031264126	-4.085201272021183	-0.4164634452018643	0.34810299039441117	-0.8047098817270699	-0.2749692779824309	-0.44295243584594546	-1.765911040448227	-0.590966012550383	0.886926226162216	2.7426536154339978	2.8480959189850554	0.5744072765475292	1.195607836331072	0.964957484709968	1.189509629686491	-1.8553882360052008	-1.8544059086634297	1.1827951270667296	-0.43670139898963656	-1.0661667330132343	0.4756197039869993	0.9763734496367243	0.5031656229487461	-0.23442864032742516	1.8377469657644931	-0.2200420810197961	0.12143724169219226	1.3701771853211946	0.2583144489818155	-0.2687250550376021	-0.452107559397256	1.7177342297066067	-0.4589586767449528	0.20272747520674433	-0.38699386271159564	-0.802768059830717	-0.7057109992092703	0.17171951496628005	0.39613015958830744	0.20364086069554196	-0.04718747240959673	0.29296384342171916	-1.2475409904473451	-0.2778679187919663	-0.19176697010266663	0.4073021936595067	0.01909315991681801	0.16051409374991618	-0.25914524937667405	0.1580558876350512	-0.41198950030750875	0.3263650163351768	-0.03168108812037734
CCR4	Coupled	-	-	-	Chemokine receptors	classA	-1.5713126920253007	-1.5118885620272369	-3.199573285953616	2.1328622760694116	-0.03119132582562335	-0.5779617240703795	0.35655066743391084	2.51429477486522	-1.6928784170443352	2.2037165259632423	1.9194684298945277	-1.4491189526946056	0.21694432893470147	-2.0391167113992275	0.2737370618389514	-1.3316718757109816	-1.0529716433702616	0.8768629296562677	-0.0406612453015029	-2.417574600989474	0.4923009732855362	2.2421925121821062	0.9941553937934576	0.6849499051108051	1.9554578008279848	-0.20210196910342337	-0.6630416376888656	-0.5962157573886503	0.806356316536942	-0.5817885374796451	1.1102533976463846	-1.8223766871150355	0.7074517426181938	0.9670120384573914	-0.1458639147138715	-0.6784584028855845	-0.2742223680266975	-0.8332510587159399	0.33488427143267524	-0.8798327264224183	-0.3060217579441573	0.06076566946519965	-1.0250794925148428	0.05543793206807341	-0.34617028868078004	0.5798764087435586	-0.7439911607282285	1.150830463333183	-0.4534679865013176	0.9321446735791957	0.11611362117455801	1.6921284056170471	-0.7358850480827409	0.5668301477634428	0.4522582130569625	-0.6675778132853009	0.4690241752425381
CNR2	Coupled	-	Coupled	-	Cannabinoid receptors	classA	-18.654206897452376	0.09082347227695634	-0.2238378015543737	-0.9559669171295766	-2.7235626874668104	-1.442071922297382	0.8207882545916217	1.026257447906004	-2.21371966250526	1.8534652743224673	-1.7341107654610732	-1.0038621761272803	0.5765516892546646	1.7353589567514218	1.8795138660484916	-1.3590207440720996	3.5680733169599654	1.5191054851157568	0.5330457921292603	-1.1569002759706826	-1.8440822932784353	0.8646862434901862	-2.38068704853703	0.673728030597272	-0.2703780808843656	-0.18196278478138037	-0.563002889543303	-0.6298819654191237	-1.6605006637988247	-0.7661797363035405	1.3918952666912456	-0.5461177577752857	-1.0223073009327202	1.2367005259076225	-0.2826009331050885	0.16478131248102376	1.261594854368521	0.22645233593268232	1.2309816901552315	0.9656714525376946	0.8291604449178518	-0.0018682860011452315	-0.6137883662988685	-0.2400913926550468	-0.5212532616176924	-0.4507285991583897	-0.30333755887713576	-0.7666928458856532	0.9607082505283944	-0.02651133676969573	-0.8267871586236264	1.7947545307645634	-0.22325207974575723	0.4564229490544319	-0.3536256289386851	-1.092890191170763	-0.429494312973805
CXCR2	Coupled	-	Coupled	-	Chemokine receptors	classA	10.1834640758339	1.6203555801116885	-4.906116368233883	3.562669068421937	-3.2319299389850547	0.46150442770292865	0.9473090535573663	2.8047714962859063	0.9196212384652624	3.032277996770199	0.34331233775339	0.5618098617499931	-2.2364899438461996	-5.104880019082428	0.9195581729451647	1.0879078328363414	-1.97909095349882	-1.6726852649360175	0.47675349600726424	0.5460817271524312	-0.5321093965198272	2.1687634862615273	-4.054425528851965	0.03225286257340411	-2.0537559690395564	1.1658529280444552	0.49596354642655693	-1.5068402467325357	0.6816549525355622	0.6319195245881046	-0.5124838074449988	1.5144875903951718	-2.4848227505344402	-2.14684163168202	-0.5187559572754084	-0.5821544199612895	-0.33294241715407047	0.7277931810573086	-0.8571022452534056	1.235059108027039	-1.9710599654554022	0.41219685869100253	-0.05833495209713903	1.0506617643575527	-0.5336796646209994	1.3688097187593955	-0.736275851261669	-0.3120512764562691	-1.4720044481150967	-0.1969309003489264	0.48023380737925103	0.6978431493613001	-0.4421607319285571	-0.05488513019581834	0.4184180974295737	0.1912673931174485	0.6434431444819678
PTGDR	Not-coupled	-	-	-	Prostanoid receptors	classA	-24.256850456406063	-0.43106637243074497	0.6827631885252415	0.956421008325597	-3.116667193481782	0.22873695194140775	-0.009304933823899152	-0.6060465713865912	0.3870510671128025	0.7744560345542821	1.7577021750852289	4.261279704659953	1.3133337556626956	0.9238430334335199	-2.9405783442124096	0.8217172185912721	-1.9964756714690715	0.5585948561135271	-3.618399248782755	-0.11595953857379947	2.0325094097033864	0.09436751992675331	-1.6900783413970064	0.9179710477568791	1.5115685645061168	1.8229533325172784	1.1004782728469789	-1.3345899937692038	1.2457410926906147	-0.10977126408401149	-1.4205662210306487	2.0437830972460374	1.6543678820691832	1.174443282379881	0.16129079722424317	0.7354847887080251	0.25278372851268527	0.036621445795016395	-2.110064359087147	0.1529358485149855	-0.0055360001182814525	0.49282527777445795	2.1826520311302327	0.5989784764265228	0.15030363434040606	-0.27662612480818766	0.9820931500929784	0.7328678256217005	-0.4363167906263728	-0.321585670217435	-1.369550111053406	0.09463189169518199	0.024490127073430866	-1.1539256798300999	-0.47734449176448435	-0.6562146499016025	0.6818747972707349
P2RY8	-	-	-	-	NA	classA	-22.54742228815092	-3.007850741247434	1.148847318796888	-1.1609791040600375	3.010285302694206	-0.09771379458045074	-0.578462540331539	4.397539890315054	-1.2499721638332684	1.219461869732832	3.3210536623800606	-1.6143574275532797	-0.6416495399126066	-1.588824083515768	-0.3322022496436261	-0.6920336242034896	0.023525407304405332	-2.1802930773618012	-0.8175219333643502	-0.4719775659126147	-0.09351604464639847	-0.236850327221125	-0.44017347339020607	-0.3668491053764244	-1.7516876429296622	0.050836461347705815	-1.1251486602945149	0.5007467612596809	-1.218184162007931	-1.4819387052892024	-0.0835984076330995	-1.3508128895095228	0.8280312887003763	-1.4787819738402226	0.1915744539652012	0.236525043636859	-0.5010138908888406	0.8631303910113253	0.383557929069014	0.7703642294997841	0.4345327691430084	1.7381541936438196	0.16252770985869988	-0.6640678808977272	-0.2970844056022708	-0.5192809951149847	-0.21467414367560753	0.4628141774689957	0.7169679533700083	-0.565617403789463	0.4300618017130187	-0.6373176830441819	0.39152730177927525	0.42870690442170295	-1.3262020556729412	-0.23497809637458988	0.08023983822153335
HRH2	Not-coupled	-	Not-coupled	-	Histamine receptors	classA	-24.379804896866464	2.2610238222722776	0.6826466493409413	-2.6358276879601106	-1.1753035506637928	0.8474683147991633	-0.4942498062893059	-0.5106465085720948	-0.3806926639082053	0.6412202801692475	-1.4773425162345737	0.1352134004399437	1.218950469668832	2.3150743214694924	0.5643895079825074	1.2799541627447484	0.9005649926873133	-0.5081639605747911	-0.3293895678350997	-1.0410382549596124	0.5906036200622243	-1.0215274001049288	-1.2549727650995244	1.0271230389326536	-1.3373519697648162	0.380628899795211	0.20490301251742984	0.7228374503222461	-0.3690085537051946	-1.4036260583402396	0.7961131273805586	0.5978508520588696	-0.8879687533549749	0.12570795630135917	-0.08034293297895817	-0.25923004248646486	0.4558703427130157	0.9367095222427096	-0.06990441674172877	0.1346301375796993	-0.2423079315441546	-0.4018613482973091	-0.027181417262565587	0.11949747443470152	-0.2767120850148423	-0.8422728006646019	0.46317002984698546	-0.9513799982104799	0.9094056919336618	0.5016983599460179	0.3840234902467605	0.7458252401988197	-0.17416669022812872	-0.020632816760794336	0.572829377487999	0.13519692578066214	-0.07361290200715855
AGTR1	Coupled	-	Coupled	-	Angiotensin receptors	classA	14.567934051690282	5.794761602553049	-4.130219041637919	-2.117720751271984	-0.24240479999627612	1.1946145109273256	0.4857663699766867	1.9948705426358797	0.8716300840207843	0.053240211578760445	1.2714196148438488	-0.5484807052050774	-1.2245370607077175	-2.6740948672419234	0.6824184709753858	-1.238806356738674	-0.4243510569496991	-1.7095490635107873	-0.6232550214332809	-0.5747358897591522	-0.8031090074400961	2.976098565677601	-1.8080790232178514	0.8318306584413095	-0.08449415376622119	-0.46866800454144697	-1.8681342471915479	-0.20334811656879787	0.5650763548221188	0.08561054687594746	0.3825142878312703	0.013508824336758143	-0.16586770556423425	-1.8381974553795521	0.014823281106445353	0.30958470249461534	-1.6664799356462725	1.2696621487519528	-1.0444548055158862	0.5591037264489265	-1.0863602986783916	-0.4922776724433916	0.21603204589515337	1.4364247214350376	0.26966176244071455	0.8340107964680289	-1.2115564037946842	0.8998148042666301	-0.07594076404087129	0.4875513769977457	0.5186208260768422	0.814632118466237	0.4602996624876461	1.117327885384411	0.11131858137417537	0.11473893781140851	-0.22667359245454075
PTGFR	Not-coupled	-	Coupled	-	Prostanoid receptors	classA	-0.35086075226673186	2.673285888633523	-9.127397540938682	6.3634294868991494	-3.1803112234155266	3.784805110491757	-2.5667527552147176	-1.0697344167379428	5.501436537334684	-2.5481298899192413	1.5435230430056097	-1.7680912260055537	-0.3188045635014985	-0.46633028944955185	1.255191556585865	-0.559989391941318	0.9689485117259815	0.25807081440331825	-0.13130923273890388	-2.586747404263065	0.39988025422762685	-0.9782008117692086	-0.5187205213451722	0.14395892785241327	0.17378041110341383	0.8573889601543327	2.271267310862844	1.3289057796950163	-1.6645557860882403	0.04055240553124433	0.7279266457873003	-1.860037651309942	0.8935818873858761	1.2204723191164495	-1.4869202073024421	-0.3107364848739727	-0.6724771994686087	-1.773355198784229	0.16318095350961098	0.4944908646861565	-1.8707194930093456	-0.6054015212161566	-0.7369762402844058	0.6803259471739145	1.1154971459183074	-1.68844224332907	-0.33107122280827006	0.9070761345712349	-0.2830573201246013	-0.9777794911070788	0.0035312834273701793	-0.5527875441672235	0.019162816805637344	-0.3627743869521221	-1.7377615496001044	0.6523970993140762	1.27630718196396
LTB4R2	Coupled	-	Coupled	-	Leukotriene receptors	classA	-10.639182539479961	2.6506834414740834	-0.29269913602345354	-4.3800040576347845	-0.8492731220132628	0.35524828188425756	0.4152589183307752	-0.7544017482596	3.690325793581402	-0.7003805518884313	1.9686198557066863	0.8581325768320809	-2.9988769809748304	0.11716609250451213	-0.6899258214935748	1.2586109255504392	1.4617925517053154	0.30518288162062746	-0.6858426971043681	1.4045373627344508	-0.4502365562545381	0.45758149209628224	-0.2025868164879441	-1.6249741384028986	-0.8282292961423724	-1.7755125844945812	1.0832638408224022	-0.29708811386046574	1.1658591282636155	1.1313805892548081	-0.2029264172961682	0.6502363253875917	-1.265969794979421	0.5119807694161317	0.3631124293910628	-1.0944783318892715	-0.32541117684969223	-0.1457501047509494	0.9606837895881829	0.4504855992609481	1.1844364639983376	0.6588908964516083	0.4876355313444376	1.02652511423069	1.2199546052168908	0.5439669328261258	0.9069915814179701	1.165224380629066	-0.5601987667551779	-0.5215691824880242	0.5051501510390235	0.9259936731025439	-0.42393360653473827	0.12415603573658615	-0.9728795132575718	0.4181292290371317	0.06836836402572444
GPR87	-	-	-	-	NA	classA	-14.955255711031104	-0.3571473787908893	-4.4227306858079825	2.0408611595780215	-3.290917593435693	1.145010681553163	-0.026637383689058786	-1.5356399608059643	0.34664259775590084	0.9848023002354697	1.5352575754632058	1.8205178776638014	0.5875565817613837	1.5178068009541579	-4.165627576998845	-0.4477794667629238	0.0908692478005339	0.9107036643385926	0.40153174666681835	1.1627437487541985	0.014515049376360561	-0.6987312944027335	-0.2717826472834316	-0.282121765888018	0.29081077130222405	-0.6855855440758173	-1.4897032751925114	-2.246424501033494	2.1029755504114145	-0.1424839145204404	-1.1200404452142345	-0.43224367038854433	0.7971262473046168	0.7198506467843767	0.4871358825810555	-0.05040050949963925	0.03368733190705686	-0.2531787584085398	0.2616004584500559	-0.1202363730338072	0.463272915194676	0.32710510017370353	-1.4062119965490656	0.8579824626982713	1.5211170916782386	0.15805501821740095	0.5324605654783651	-0.7697513657908246	0.32541387635665914	-0.45040075407767677	1.5219199616308103	-1.3670980590032347	0.971468208059779	-0.5800499144624306	0.12422313715049527	-0.6976218228513774	-0.8313149041582562
GPR20	Coupled	-	-	-	Class A Orphans	classA	-13.907147333705389	-1.088490007437713	-1.7635755805572824	2.410629278796809	-0.7608004475741628	-0.05534971790921526	-1.2235355487261028	2.988336968798876	2.0218657192901905	0.8107125170143662	2.1055717514254293	1.3553508072718699	-2.981208659653308	-4.029019664317201	-1.3896561581012763	-1.0816879825611012	0.2739895582024999	0.6111597907609458	0.7708247381431406	0.912510516287528	-2.219451405584914	2.1843743833579974	-2.613170597775628	1.0716598418495666	-0.9928756029872673	-0.4668918364948088	0.5384314474618962	0.3590628776371793	1.2604479521687717	1.2643498405766498	-0.4594501979835143	-0.03107964596141303	-1.3602160806620873	-1.2252726807062837	-0.5561815454020455	-0.5009700981675976	-0.6517456166086827	0.8876936152433732	-1.3473286160962104	0.08705650270477475	-1.3523206166731065	0.8469603578853243	1.1815448511856228	0.2778238029272735	-2.4622989062863865	1.3153228676425075	0.7554487327198366	-0.7414397027305855	0.0636219846439541	-0.42546699374237223	-0.9873809455559684	-0.6279377368612838	-0.438338284117417	-0.14030685241273216	0.3800927754986433	0.5457500616795717	0.9225507897075577
PTGER2	Not-coupled	-	Not-coupled	-	Prostanoid receptors	classA	51.314034472351295	2.9251262202598443	-3.1588186340059208	-6.516008793812294	4.34514260118515	-0.557259584614404	-0.23717999353842992	5.7149730161045476	3.783110787871983	3.9881111602029	5.205885438911103	0.1610345774261428	5.543249702735067	0.6144168248718933	-0.8530430133192375	-2.7997566881043734	3.413731429714055	2.1094379424551115	0.14199197718918227	-0.9129666871406843	-0.06118003298626443	-0.7098239935813798	1.7660245876449694	0.3533728536882582	0.48243646816993296	2.016191364182464	0.02163531592969353	0.45164009774648706	0.4471676888352946	0.6213601578390744	-0.4427926966288468	1.1973041575571326	2.280731907816625	1.875521474625901	0.11724929166163657	0.6809834841877564	0.46278366137768373	1.293701627661802	0.10571511329508734	2.1355669325642084	-2.4967049565782395	-0.21615577970081676	0.4357090638149403	1.3648188253503353	-0.9178954247136232	-0.11452814957209687	0.4608202201170768	0.5178595824225991	-2.5989363790473927	0.7600713537118214	-0.6197398666445268	1.8101675977142246	0.2024702040854041	-0.4653192086136829	0.11246901867114617	0.2468971903452177	-0.35351589174361864
GPRC5A	-	-	-	-	NA	classC	-9.255534557718155	-3.17005832609288	-0.4992254352258587	-0.4046441599826359	3.2039059745700693	-0.47574624462186704	-0.34248365510379	3.9607192695769844	-2.127998002983917	0.15034209905230442	-0.3070008845235808	0.2446814734504676	-0.037428059742314584	-3.2899081028349735	2.4372383894796337	-1.2577795535654264	0.866587197563529	2.43343284306302	-0.662853030169928	0.2869525865816685	-0.4182436940208278	-0.7986833623971741	0.5856309054947589	0.3216620471251233	0.04833312470746984	-0.8850776591762353	-0.6903402720871643	-0.7875145430045845	0.571614363897506	0.3347588356276176	0.9096309548797284	0.6368998098225933	0.4443683134536678	0.1704770709808107	2.042148690480438	-0.09517426899878055	-0.2659544572592167	0.5505844544528312	0.21691174072940955	0.26188427673871045	0.33604754125036557	0.6105673964164197	-1.3442491681680533	-0.18768260517931418	0.6035579750610404	0.22536455198360764	0.5494111683689655	0.44790442756453386	0.11657596819158976	1.2807591357230963	0.8161682833534917	0.5133582344354883	1.071649035196793	0.6326647388307228	0.08605469729789417	0.4903753813666419	0.10518981335830989
HTR5A	Coupled	-	-	-	5-Hydroxytryptamine receptors	classA	-0.14361303214794383	3.5594232987835954	-3.8622605574466102	-0.02787580662372818	-3.100237876604063	0.46840835385668333	0.43470391014497534	-2.223212116195997	-0.3584198005194	-0.3786651591688798	-0.046670880087009495	0.47490245837367034	1.2666414159313957	0.9138148983529117	0.5746812569632421	0.07329810938427499	-0.8112419236036909	0.9931535871328034	-2.0368153149688055	0.04983880947103929	-0.588145199229689	0.10889110040404726	-1.8049725859966963	0.8119088102979297	1.6795915686215306	-0.5651437512470034	-1.8973942681390485	-0.7013071970797381	1.6604802174972315	0.7225301405390231	0.053775683108865595	-0.2525931699436254	0.19946902839244063	-0.06678871814576288	-0.4975841598169265	0.8629750678406356	-1.938016055563725	1.1198839304058532	0.13896243654683843	0.49472176317050426	0.014425547361238612	-0.7902955717472855	0.24942516620620347	-0.7219629270329109	-1.6666003066504786	-0.7670998458257042	-0.25391875459083063	0.8588767083436042	0.4970665924725594	0.21756315534691106	-0.5608451087562258	-0.4963380336836834	-0.26905462418450926	-1.7246059864275918	0.35274147691940944	0.16884282430110495	-0.8437934163280081
GPR32	-	-	-	-	NA	classA	-14.47868290480808	2.8981736433960306	-1.3765836013572472	-4.550238112004205	-2.538914266951045	-0.030694061213783513	0.5571040706089005	-0.2099076018234024	0.576084890222503	1.1228863697548666	-2.8842311670710123	-0.8995330783242415	0.493370881241493	2.3052053912732244	2.4076514532478335	1.5373848765427487	2.579580385509256	-1.0150784693364052	-0.2284940657780743	-1.5468495853499598	-2.7369150661777177	1.6656053473065369	-0.2903813395763774	0.37506412644312936	0.708956675921403	1.2390475525619276	-0.04748493567852193	0.25602208327318543	0.3407844352253064	0.9518541545695607	-1.1066171052187215	-0.6109604962471485	0.8390061500881627	-0.40263613710825036	-0.6652828834796246	1.318068518004001	0.9520323598376015	0.8233677765821324	0.01066825156452831	-0.6815018867842401	0.027971674780825743	-0.27627822685287345	0.20456105261426646	-0.5492669171090665	-0.5069460229251959	0.17189491813736768	-0.0854374895671704	-0.3445447746265134	0.07260530047194315	0.5298741934199226	1.0070919776100835	-1.0555469211077368	0.572459749393232	0.9446329127685072	0.8757437707229366	-0.38726669174599526	0.2854825303705567
CX3CR1	Coupled	-	-	-	Chemokine receptors	classA	-29.14657410269668	0.46238666299380143	1.7259793500531786	-3.6436890566392695	-4.952368880514932	-3.173992431331872	-0.14372956182438168	0.8387635569689942	-0.10562806385983978	1.7951722814689381	-0.5804501608315228	-0.9524798329326266	0.0946482739958991	3.6317825196107183	1.5754333105719205	-0.22762526570545638	0.6622883618584977	0.40447930573528423	1.5257583599261737	-0.21544348822785872	0.6644260909988887	0.8697417297705212	-2.018968060752972	1.2201895208322124	-0.3381262705618876	0.8405264830468657	1.9151587040854234	-0.40719960383676773	0.21603763342686866	0.6684805296791325	-1.4344946198646862	1.0524208176538814	0.6052578133492923	0.8578184319098567	-2.1961075625941096	0.6528685122613027	-0.3070047784329831	0.5521796122785917	-0.8890993966660019	-1.5492713849604527	-0.22082831986672638	0.05251966845295154	0.05011910590534668	0.4284503531125664	0.20711470340342078	0.3578681287826328	-0.5403957018697305	-0.5732435021041477	-0.16947262385692613	0.43601145093941446	0.8166415113949058	-1.2093271030368544	-0.9212927425555659	0.36999706926910586	0.4407589052768805	0.005050867760372148	-0.6694494769560558
CCR3	Coupled	-	-	-	Chemokine receptors	classA	-27.92440340424628	0.42819948478087283	1.7704249803262377	-3.4998031873139075	-3.9355952869673985	-2.7673445345881906	-0.07104547408922854	0.5423710173034612	0.06954385594339117	1.4537611867004667	-0.9716705117085496	-1.5839235091757702	0.9599508532255256	3.535311089154835	2.262050591278368	0.5432389965736343	2.0699681121173064	0.7848888684756307	0.1002738107814448	-0.07481190686441105	-0.07345611719920471	1.3611037770663523	-1.4234873942037756	1.311629335700281	-0.05186271844306515	1.004206648461514	1.2220609794442587	0.4480576718825887	-0.10032134393196605	0.9361144443058673	-1.2111039070880156	0.7784058828135454	0.26644175732370706	0.7945379480274719	-2.1066037498042194	0.23100634645423318	-0.34564123893654713	0.8216465924018987	-1.2350524691273803	-1.2614860638068741	0.34140451412718853	0.1474105631176108	-0.5752374357024852	0.3992002353736892	0.14770235733489953	0.3157530405925209	-0.7806940127284991	0.07894905641372432	0.24249473301350252	0.5576907468540062	0.17615617411681347	-1.2047916463944897	0.052546089403916196	-0.07181540451189035	0.12524979789374555	0.1460138410970274	-0.11384287511255234
CCR1	Coupled	-	-	-	Chemokine receptors	classA	-14.310011824438725	2.46217896055235	0.11884518022194902	-3.428497023346647	-5.213026430707186	-3.9029140846277746	-0.3582319598405988	-0.798425102225982	1.703819745102751	0.7152424866507063	0.37825420994702047	-1.4315913141642227	0.15792684582537198	1.4317370506943699	5.081830883217865	-0.2846202908402421	0.5824498303014353	1.5603752703631006	0.42015040375826035	-0.35137816309549663	0.3188658860115703	0.22645810812546077	-0.6174710461032773	1.0686711369080393	2.0408172681240315	-0.3004892438098977	2.073372556818861	2.036543924322532	0.9610464147602616	1.164334554508271	-1.6099671435689273	-0.37663657413452123	-0.318965993102823	-0.9122027957440985	0.4224544035437487	-0.6807090504817374	-1.3346914372697247	-0.4314316494924544	0.9878082152368476	-0.1383511312475513	1.5388508414853508	-0.11312974961006847	-0.8140620336431204	-0.30480178443475026	0.8174528488438145	1.4682640685606894	-0.21244476808878987	0.9398024864648659	-0.32432883456554895	0.4876573778807895	0.5005260904825278	0.6076144882268646	-0.1782249130049771	0.604228504136016	-0.9620943000247587	-0.5582532894245943	0.30404946142486944
CMKLR2	-	-	-	-	NA	classA	-26.815875186658715	1.8582683361372319	1.2690803009811387	-2.2400472099860425	-3.462838700583238	-1.0616092317986692	1.6223502543041235	-0.09685633464340904	-3.0483685946324197	1.6470633825540062	-1.6883943903323693	0.22130479715692694	-1.4056166828777104	3.684839631855848	1.409500509108118	1.3364878416770973	2.2076366967827785	0.3680705773754117	1.9161524164091148	-1.4645817240391574	-0.8039829154287262	0.2705883134699036	-1.0289160601871319	-0.358557193179436	-1.186622618741379	0.12369377454677616	0.45499320602880106	0.6591337365085477	0.25517736308656525	-0.7684180152974003	0.3173526821972746	0.8130358580197671	0.5023685064315558	0.24668573694662285	1.0453972583396292	1.6752196278656981	-0.5005174053870517	-1.6053444889684496	-0.49884005586940644	-0.4471799414235403	-1.1618382332244432	0.3812713676704689	0.4792541801734366	-0.10501005576396105	0.2604432613865852	-0.40840299386011353	-1.353001479502635	0.462476730627723	0.27180476461110525	-0.20713233167580858	-0.18592158500988096	-0.2906533222118455	0.133350543447637	-0.0686417579635293	-0.5290889295746818	0.148131202141633	-1.285223343222649
CCR8	Coupled	-	-	-	Chemokine receptors	classA	1.766435123700578	4.360250386166636	-3.666825692082392	-3.92915364089293	-1.8326124896063776	0.6918941625491071	1.1014012159836961	-3.8499110166937385	3.0969914803383176	0.172575746582442	-1.1364968268377846	-1.2110547087607235	-3.1575201196296105	-1.9832188417370418	-1.3648030329436653	2.5646640783810892	2.708593914349978	-0.4554782333180858	-2.624834205197995	1.4351047896780367	1.271375901356623	-1.7114591251055022	-0.02260415374424314	-1.4896941938668973	-0.4386535816161896	0.2582174712521505	-1.104850759572126	-0.5998675909085602	0.8134589014146765	-0.16283352402512527	0.19896306400226701	-1.4150517124826494	-1.6907497626680874	0.8344530991097604	-0.0979699747023336	-1.1320131183752853	-0.18794688970850718	-1.0667902189327287	-0.12453353480120676	0.7343463983823005	0.8195984246792288	0.6261407921833293	-2.1087929284646143	1.8134722404737669	1.6431225700422858	0.1044782314879465	-0.15287731750332453	-0.018307338754322163	-1.3297970093557776	1.1333106685597059	-0.41201386468963086	-1.3029425939552122	0.23133713406774623	0.8070454034122625	-0.11251049558154418	0.8866260336232419	-0.24031849824143958
P2RY13	Coupled	-	-	-	P2Y receptors	classA	-1.060050161147486	1.165023538082095	-3.0413829581378717	-4.494651566357566	0.9252523131217975	1.3184152304796108	-0.9263380396664204	-0.7481775706856786	1.473235897619293	-1.9935917757880062	-0.3795347207386711	-1.2471156016523393	3.4798891485047676	-2.4185893835826255	1.6715507858209144	-1.0533559612657932	-2.373685689191135	-2.942333864179716	0.47885339493830403	0.09523595913473284	-0.489502934247226	-1.0960139899540704	0.9805717338021174	1.327251485958676	1.6913367623675626	-0.2814241964346833	0.415571372283127	0.8360996013509039	-0.4617522971726488	1.9904679097486495	0.5733421739339123	0.46774177729450256	1.304995898892021	0.37572874753694724	-1.0923709911666093	2.884324789726466	-0.4353040870652446	-0.9714568483526488	0.4714785928201879	-1.1375281630443066	0.4761910418582696	-0.7405307233614221	0.8558799139404851	2.40899208899732	0.63551810666279	0.41337087627887414	-0.5122643194972236	0.43910875921060216	-0.4251274920480311	-0.8325845420566161	1.3467099943677896	1.043387825385336	0.015544456318464165	1.1050794763932958	-0.059809263505991604	0.7364965121720617	0.14137974180275342
OPN5	Coupled	-	-	-	Class A Orphans	classA	-5.56530915672051	0.5013055394432621	-1.671545362935914	-3.9355693542690737	1.641166821059285	1.1141903064690104	0.6322307260650069	1.8691874747899684	-0.021923494438082412	0.7192569373853436	2.0503078056148576	-2.6433503891519363	-0.5432552668162064	-0.38355066498200724	-0.7187887712469337	0.67462052443097	-0.8004076782038158	-1.8984572836534253	-0.5955257923670841	-0.5118667722255518	-0.41791520406622984	-0.6819194529841158	0.06281766064918444	-1.8346637058566986	-0.07112939759966957	-0.5959782904684447	0.6899541647251736	-0.9724184724646934	1.063686034637534	-0.35201814661081443	2.0484322863533206	-0.2468066350050052	1.360218898204214	0.24619649278827865	-0.5840564806228777	-1.6838115638093323	-0.7003163921071642	-1.3353376793654574	1.5812266570595217	-1.390648370176136	-0.9529357860886654	0.8195793993957604	1.3439587614118773	-0.5960153933023895	0.8723874080859684	0.04853295471689345	-0.10920544781780385	0.3018666551329899	1.0591658263498933	1.023812133482249	-1.4229679736233927	0.030731432014766705	-0.2619700592964534	1.4496260970463952	-0.17488723812720983	-0.16725318352615096	-0.361354807078188
LPAR3	Coupled	-	-	-	Lysophospholipid (LPA) receptors	classA	-20.34523366111631	3.902053307908295	1.8535225815237002	-0.8969227262248294	-2.4461153064783057	-1.8412502614822184	-1.1216174613913725	-0.18628751727990342	0.7186841178286328	0.9660984271769556	0.6458275952050418	2.706357543682944	-1.1912878060209702	0.8180934818346659	-1.4554722353086953	0.7684514884516187	-1.2507566534358465	-0.6848759926574747	-0.9986392396245707	-0.6944318032306269	-0.943843059032667	-1.4528221924965796	0.731112376893866	2.8695301347280013	-0.28303724940708236	-0.6301569647640445	1.3879455543475112	2.191903075274979	-0.18389581607798702	-0.14876509752517217	-1.9486558726046161	1.0906928540708984	-0.4290778739120131	-0.09105109036161987	-0.3278265821215499	-0.456426556480195	0.03455889530581476	1.39832301359762	-0.4774126553766641	-1.539507848567679	0.6372308765707767	-1.3219998521456513	-0.34028171432176946	-0.4780628084592189	-0.5747559970579486	0.9568107893245896	-0.06130597318394878	2.485387326852045	-0.08452105173295434	1.2793308965698829	0.0453229298162725	-0.07505232660146582	-0.36178127703280033	-1.2068364508188316	-0.6841146420400618	-0.9056622996068809	-0.18907912013572764
GPR139	Not-coupled	-	-	-	Class A Orphans	classA	-11.108250214485382	1.7484499423750264	-1.901734677784573	-1.1111101781892025	-2.6976223295459945	-0.09348647898679736	0.6782176059056326	0.782610077095853	-1.2077281905072308	-0.20565456843950433	-2.6526141719995397	-2.199996029378037	1.3974163193335858	0.3174981102999039	2.3766392217834573	0.3519920706596851	0.17612974303230472	-0.2322556900244692	-2.6775007102143666	1.6509127364013896	0.3313251201350846	-1.1387941588372916	-0.4039660856151309	1.4333643682712212	-0.8520001733748329	0.7064643760099384	-1.1638780694984763	-0.6864349262767969	-0.33250761509634474	1.1451267693109897	-0.10495126941307158	1.15238557136216	-1.7689725564889203	1.7845729565669615	0.9132442792331281	-1.1367266464387173	1.2220998536699361	1.6520813568628272	-1.7392501325106797	-0.5999534939831237	1.119787735849415	0.7025580862093455	-0.6350171071662966	-0.37730811964792543	-1.4180795016385113	-1.9502115831297395	-0.2025621496079865	-0.5945464634133816	-0.1129412407444693	-0.09092888797263707	0.39920329175335145	-1.2185609958149133	-0.08851078312844128	0.2513755169451677	0.04928836454043866	1.6658045819007803	0.8820559359207186
BDKRB1	Coupled	-	Coupled	-	Bradykinin receptors	classA	-22.5493900967641	2.3740929095767505	-0.6334055010400911	-3.405561285819485	-2.483578544937829	1.4472775269059042	-0.6385912539304911	-3.560803071306226	1.659763240124135	-1.4203418154404281	-0.4411682645640153	0.08143352345392152	4.257950287717765	1.7054721949988103	1.674351208412583	-0.5657863664439094	-1.857236574178018	-1.8245716497929154	0.07012419400367036	0.26799951374526554	2.935771666443096	1.6945166922706352	-1.065225269408502	1.4151752417522268	-1.3207837098339374	-0.6296633289133531	-0.7489352335246674	0.04672673689359424	0.7134455294015039	-1.7214100691404264	0.12183395884759544	-0.7868718301225914	0.24541495277123357	0.14020261408782153	-0.8865069795429182	-0.2714654321315015	-0.2612464818388153	1.0498785197915608	0.030406126184868636	1.1707189193188552	-0.9669224393953363	-1.8060479754393142	0.8162276035264614	-0.704442752823842	0.8994648858805409	0.6876121809925932	0.9759305353243464	-0.2152407637014698	1.3478838316249564	-0.8259678804020663	-0.3990244883387761	-1.0069475938677919	-0.11179027723817955	0.6732670441838899	0.92144914238675	0.5725624960694333	0.24752788318243504
FPR3	Coupled	-	-	-	Formylpeptide receptors	classA	-4.086333597010063	0.6551451251057422	-2.8894476467084065	-1.2380253635671992	0.7791704438189814	2.44691471537677	1.1848692048663183	3.787324258509016	-2.391311643749539	0.9767499680635575	1.9852882460169918	-2.938248069851075	0.2973923931940908	0.6091565786971986	-2.677811070819541	-0.3245026587559262	-0.7342317658563565	-0.7819983259649844	0.4693772399825262	-0.7565715003107167	-1.4798376733766063	1.430886335226013	0.4099198662650219	-0.2725603837895633	0.9531999481976138	-0.10409076763126267	-0.007953618588437902	0.3881345795643632	0.952938161231232	-1.4063476414805325	-0.36495401821756707	-1.126822676975622	1.1646453714500762	-0.12177944191891621	0.5236606372145242	-1.0326894269021958	0.06735969101451458	-0.7205308181666997	1.3848512635293801	-1.5100408748362275	1.410309192218917	0.21845462868683224	0.34640106352635575	-0.999211572001453	-1.1699408265450946	-0.15707638309404032	1.2607401694923888	0.9919868825224294	-0.01590221338526943	-0.8052695293771228	-0.6538620329231015	0.1087774961220956	0.2616495412113109	0.9919111100654372	0.633425649606151	0.8329088282376782	0.4786672629816554
S1PR2	Not-coupled	-	-	-	Lysophospholipid (S1P) receptors	classA	-1.7284550882253642	3.764115870804413	-6.934460968772485	2.220878652039005	0.1382606823563616	5.493919726473608	-1.0130665706276396	-1.8153816812356243	3.7469908210843226	-3.2112484345557126	1.0421639527541895	-0.25943085886162265	1.1647591648561995	0.19083274663246633	0.08545244907798676	-1.4096949440780648	0.5171090625957354	-0.41767650219210084	-2.781961630987906	-1.6802722153727458	-1.626508443613232	-0.4008732504385788	-2.923674095476681	1.9717521168909438	-1.1947163704832195	0.5217309459605437	0.3873004064005859	0.5171246126429685	-0.2104352840889099	-1.599592917822422	0.0930683375194061	-0.21753324599067775	2.154603533127689	1.70234761078994	-0.5099125599927511	-0.36199660416883844	-1.7930134681164123	-0.8559706874202697	2.4422084272899225	1.1579046184955082	-1.3615764735333322	0.3878230194401083	2.6138957880209066	-0.9597958781152383	1.375387536089172	-1.1205455996885552	-0.2310319555140526	-1.5764846713605642	-0.14024105037416526	-0.44516322126708674	0.15280387742702628	0.8374488235977678	-0.9425838455320921	-0.3315448025301544	0.42025755632603995	0.2680304691699508	0.933704852122741
LTB4R	Coupled	-	Coupled	-	Leukotriene receptors	classA	-28.2415249020913	0.12516931962995065	1.453468465388964	-3.2750064240870054	-2.666625518006275	-1.7219284854763646	-0.28341612661325355	1.5160901540096547	-0.30164263410806785	1.5495043119375826	-0.12853632836773093	-2.2081556723759124	0.5071481439214763	0.848781042564291	2.455670512370449	1.1725882356906308	2.1589903651549185	-1.8951558221337026	1.6350147648813795	-0.8991266000666446	0.07723722691500957	0.6428609513951256	-2.147647734255399	-0.5934493406790744	-1.4120231780900545	1.6562606364814225	-0.5267949832919021	1.1195035168298728	0.49183216688824233	0.05181097021198107	-0.7451013382915633	-0.051142550576892015	0.5614569283262545	1.2323523403758812	-0.9035301178900625	0.9544689241738382	0.18950818258012958	-0.5300227812568747	-0.27342520825746713	-1.1749478133175313	-0.011676143056133403	0.13879073754659832	-0.5205344759510767	-0.6169860909756516	-0.37681168030492795	0.029939679185388965	-1.5287681122401746	-0.9556121226292912	0.3374146329900933	-0.1956874124714801	0.21102015472408894	-1.2338434045346802	0.7346691832563315	-0.19116280369311128	-0.13515786549064393	0.4530455071904186	-0.7792162110248838
CCR5	Coupled	-	Coupled	-	Chemokine receptors	classA	-20.898346551768874	-0.3181005643329448	-0.14221125385443467	-4.00602539221329	-0.9020081218440824	-1.2442385195253711	-0.4821078559287503	-1.667216209871116	1.9591828327230385	-0.7280787991078523	-0.8553589939374776	-1.3171619007528705	0.8897416438512205	1.7146720114311045	2.796695288495203	-0.28376580983923044	2.6734609351009926	0.16064186989964302	-0.01903244026258189	-1.1241198576010054	-1.5169089461902958	1.3898681577226373	0.4866314064546038	-0.3600039460296719	-0.05483693328824299	0.21794288704397605	-0.7953968900238756	-0.12664729722367413	1.3375013369454851	0.6020766311506635	1.656072694490392	-0.7933151700806834	0.8045359469014391	1.1594923823734498	0.37560357603929034	-0.3107066714405875	-0.2650153345419943	0.34450878120861184	0.12717727457084121	-1.5528725960187741	-0.4828288757044862	-0.9703565632640967	1.4855717284853316	0.33834122404200734	-1.4794082474464185	0.2589600213245954	0.39775290607948977	-1.1505798509569827	1.0359415873125664	-0.1646820354813249	0.5619484421712189	-0.9370374373115855	0.366257008017643	0.36886261324357705	0.04045094704788479	-0.13469499430858592	-0.5593161649226284
CXCR4	Coupled	-	Coupled	-	Chemokine receptors	classA	9.960531329168115	2.87735817499953	-1.6500832324569976	-3.4269936829689747	0.9954659925369295	1.3341989387625623	0.9568726430653149	0.5990611633880347	-3.957391162913295	-0.39444929507705767	-4.006997226790662	5.289616827768708	1.7281957523826799	-0.7843265199453324	1.7498044194661997	2.3317075061944785	-0.6244475083236279	-0.7366324022830208	-0.06561796769426877	-1.2924206168008305	0.4516038642830041	0.16695502575109072	-0.5254949681061594	-1.8246235283750232	1.1302945589725524	-0.19220498248817314	-0.7401026556456943	1.6715143873507305	2.0006780404149276	-0.5269038404330155	1.2743172315609834	1.1333063103829426	0.19267394111823372	1.1587038589487242	-0.469303602943772	-0.8898175777469282	-1.3896588072406124	1.8449651363645574	0.15928837636627666	1.0230262643699697	-0.46302059434811826	0.1993481915941969	0.2259964616478493	1.019464915767197	0.04640667333799838	-0.5567424529049947	-0.4631133641218422	0.3479204736621568	-1.0587380859825173	-0.23816991901860315	-0.3774581122100623	0.9922322028844988	-0.4351106545946768	-1.091195249377032	0.5610521037408254	-0.6862309863131576	-0.21111896760774707
TAAR2	Not-coupled	-	-	-	Class A Orphans	classA	3.869848837653468	2.4796392118235846	-4.7740802702824485	0.032836811035684234	-1.304470618167951	1.8340581199226134	0.7117330027992612	3.504894285188952	-1.5537204298295264	0.7579352764512399	1.8519122829119132	-4.093058717894324	-1.3058904391063457	1.8954869314030955	-2.6381410579839257	-0.4091626212143622	-1.1959659690926305	-1.3616941442679098	-0.7500760174534813	-1.3088621755629246	-1.9114876272819141	-1.0984733225762164	-0.03688431726891903	0.270521897346913	0.9604768097236521	-1.9172732592594222	-0.5789239764080245	-0.8331002147868366	0.17808626804957445	-0.2689579329970586	0.6518985447712965	-0.8463567413630444	0.9787654378685396	-0.4233605154412781	-0.7592860158587608	-0.6550637844099967	-0.08448229117506799	-1.270729449612769	0.18365731010976574	-1.6191493497389753	0.14322767412809723	2.6738247610363257	1.3829773717641856	1.184975068731981	0.20141834498143	-1.5669300332946245	-1.0673115507051099	0.7349659789102995	0.3327750829000619	0.9625677206739017	-1.0402224815561498	-1.005645965522466	-0.32702845156548344	0.5600835584998513	-0.5047812546788841	0.08385073505461149	0.2558857336096544
LPAR2	Coupled	-	Coupled	-	Lysophospholipid (LPA) receptors	classA	-7.81284302292461	2.8682849857832906	-2.633896983851824	-3.762276682417463	-1.2852525327755244	2.2176460780339893	-1.0933086390725568	-2.7498288465046508	2.043294957966829	-2.869467463687979	-1.0138413188770692	0.49588314467740535	5.143263449664754	1.4895712283041052	2.4598476412309536	-0.962680135535977	-0.37462207092927063	-2.2371086104139297	-0.34949240467529025	-1.4926113203944429	3.4990460601096154	1.8417210799150563	-1.199212922979986	0.6692636137810083	0.07610251289698071	-0.9061670505158167	-2.193980309646768	-0.9636591130353882	0.9697285747706162	-2.34794109470719	-0.8069932462316599	-0.813140340266509	-0.8658115271732283	0.27593730982443904	-0.4567766108729154	-0.003094910717924928	-0.5938298011674696	1.120568605806224	0.10671255434801755	1.4456938984630707	-0.36325859322121834	-0.3113683622084346	0.85868183982096	-1.2479292926914956	0.8055212613966194	0.9914409128615944	1.127795634316586	0.2702556048829854	1.154224776438957	-0.620809279236441	-1.1363734353373895	-0.37835956716911257	-0.41164872807358716	1.2435681862667367	1.2262501294241652	0.5314492321308587	0.431994454265067
FPR2	Coupled	-	-	-	Leukotriene receptors	classA	-20.752112481440683	0.18644219348342894	1.2330166209462292	-2.0230580547242414	0.8321857303897822	-0.7057815115135291	-1.6929745143628314	2.3962909536953614	-1.4291081447439242	0.7253269086129395	1.4897351982307105	0.07452233804905768	2.707483590611138	-1.5727145286729158	0.027690612535595013	1.2046563917676696	-0.2850585147483526	-2.0825689624131454	-1.2511208476550797	0.9922283273423149	1.3274321545180965	0.4244376833751606	-0.23404417812491185	-0.16607572260869347	-0.054535287334877024	0.11022421543709537	1.1807455528213162	0.2164878684158463	0.2184412513385697	-0.8380839483762262	-0.3631892920853393	0.07127319784800366	0.45852694985323317	-0.674288623361928	0.9992747861915036	-0.19726276363990294	0.42653359607150504	0.34220913280169685	1.3565938840653586	-0.9200022616405596	-0.5470415650459728	-1.052209372209413	0.9655534279609252	0.3143401746694287	-1.8001527493575487	0.3888953183045284	-0.004612916118309179	0.6428678595243399	1.563053739356404	0.7949495707694171	1.0937873798896856	0.1916847450617206	1.2351991888617704	0.1703193281258838	-0.8971165547966342	0.8499360489603104	-0.1834350371547963
MTNR1A	Coupled	-	Coupled	-	Melatonin receptors	classA	-2.3083789725290305	3.654423683920697	-3.630827374985241	-3.188886629948025	-0.11267265163513723	3.5215669647587404	-0.40157403456794816	-2.7024864627962115	1.7173358481025516	-3.0956369896396714	-0.8830634744562543	1.4016910344806053	4.499442960918922	0.3150681223305817	0.8474670808944782	-1.4595596665956752	-0.9848947125093311	-2.4813252981495855	-1.309839571199389	-0.4198845501506767	1.603609428643117	1.7570229486720121	-0.8431305756370326	0.9800719441548214	-0.2484838321540173	-0.6687032865877346	-1.406239292127602	-1.6984140722695131	-0.4796435723243724	-1.7251429416662625	-0.8468959805497457	-1.7952745418974403	0.30620067419182107	0.8980306410123128	-1.6446088579080855	0.29967144498461185	-1.383062352663605	1.1234193281088494	0.30888261674678874	1.8790273653940173	0.09432209172038636	-0.9101293591989703	0.05524213093367821	-0.8125055754126305	1.1502659116760625	0.12252318053089442	1.3615073546895327	0.4333065713872406	1.27929286948089	0.13384653251142004	-0.9412282760746674	-0.9246742126025564	-0.4172077053707882	1.1102775173658153	0.8309895787246164	1.3962742537572228	0.08061688889207087
FPR1	Coupled	-	-	-	Formylpeptide receptors	classA	-17.255187039609524	1.1907736805948206	0.20504310541273155	-2.1839999217685	-2.1442436667472746	-1.0427917816357497	0.016186385559963438	1.5197545287193035	-2.1188335924603696	0.696091571677591	-2.07499583342528	0.11753601953116953	0.6363609085758903	1.6666246959730568	2.102648282650672	-0.9969222708298074	2.810777706800572	0.9137671387408468	0.7295043240190475	-0.7917587539530588	-1.4662652237217795	0.46771843800845647	-2.582171513743847	0.5517203095433383	-0.03977335434217225	-0.19238055210118601	-0.29494987857616994	-1.1433188964350243	-1.1517602987006599	-0.6651217477229772	1.5358178884427358	-0.4563379461119477	0.013556295542248076	1.0155835441880907	-0.24318635363378363	-0.1344086336234378	0.6064032991974648	0.07219882398132813	0.6953535177927295	0.7488764809373747	0.5431271086006958	-0.7104405963878185	-0.07869359154083987	-0.040486308319828045	-0.4521982409151512	-0.4459229410531998	-0.3065724373236082	-0.5239379485295373	0.7796494543653466	0.045375827374147186	-0.49736551338676405	1.800409036294365	0.516756918364435	0.6867538998977457	-0.10621389411314357	-0.24194726436280928	-0.016936332232945623
CXCR1	Coupled	-	-	-	Chemokine receptors	classA	-25.118978351630513	0.383515864897952	0.11071258780418745	-2.646721087537815	-0.42038721155494657	0.8972855887100993	-0.945718619241986	1.3780749281975908	1.1300397378039262	-1.3053882376465722	2.0103893675632567	0.6587275314664528	1.799030730557423	0.5888254711486198	1.8699901329345132	-3.3804955533754737	0.4874948877980716	1.3460229890326096	0.8837357078200068	0.21092278210338006	1.440772101102196	0.5436198152639553	-0.6373169260692926	0.8329760592087526	0.34031575310245993	-0.5779063555898764	-0.2625793381514181	-0.10731177645911016	0.15591713750128627	-0.142034055798614	-0.7247815693177623	-0.5485150014351788	-0.13267961592018834	1.0064244271993428	0.28947029797102103	-0.08269752625857066	0.19283850405884378	0.657871398168743	0.8093720704052423	0.753729676191012	1.7682240124971036	-0.3006291519700329	0.11433123090549052	-0.18135983518092427	0.11748956090855828	-0.3937506322074095	1.4131363509768766	0.3038349392994199	-0.39575863994494226	0.4630241996431898	0.20592332666228774	0.3954760394425454	-0.2292073595223077	1.268733905921464	0.5232559371991319	1.2332000688377478	0.6142422915656004
C5AR1	Coupled	-	Coupled	-	Complement peptide receptors	classA	-13.311457670415649	0.6677162940077171	1.931875839066231	-4.956943948253354	-0.5323187100571186	-0.9550893877188171	-0.6531065104986153	2.045266274980747	1.094955087725693	-1.179530821990078	1.0317042223716069	1.6781191678625724	1.2354430406889432	1.7753835654610932	0.8937070076083058	0.05530164931395806	2.1392450976436073	-1.5878662868854607	0.9267593543145028	-1.091893392409635	4.453452828833441	3.714329147774584	-0.600092412438094	-1.7695875455343757	-1.1275266298878945	-0.4914196198953357	-1.9475972010924	-1.1841720253898196	1.2136543971883975	-0.9595940861527744	0.6543493619641025	1.3029264249915502	0.4749896908163721	-1.0145578012134555	-0.8118980377531261	-1.8922991721803293	0.4243063380278159	0.36302948267777513	0.13533594997026413	0.06603532457430851	1.1792033026914805	-1.1917669973833742	0.49018767726566	0.018110374448976903	0.8706266368254053	0.07482956518283859	-0.009874713829294095	0.02605336898108985	-0.13538514387909964	-0.8738171877285671	0.7925606031654574	1.839581557617347	0.019196476523235553	-0.8448201519616598	0.5980008590662902	-0.4624109001209871	0.8558832117964845
ACKR4	-	-	-	-	NA	classA	-35.42091103391688	-3.439458739279543	-0.6339471124675409	1.329358870628252	-2.6580160232762178	-0.18982187750555315	-0.7280789518867395	-3.5712434078051114	-1.4682484866020964	0.26155244384620524	0.07128389519881673	-1.8036716594756788	1.8285429568359297	-3.158721619325803	-0.6869011080936408	0.14613983712337858	0.2705276140915643	0.18786919748280537	-0.7079393606362143	-1.0896643543880937	-1.6866705884635997	-0.22727801233528847	0.34738562261152295	0.920153346440606	-1.068361928727889	-0.8968299670676516	0.5361889077175567	-0.8785421679158145	0.9411755134190962	-0.21340882555210555	1.2730250692890954	-0.03121263572777285	-1.0506207476986082	0.7307338696456128	1.6232494623174594	0.9852262270044667	-0.709027403124598	-0.3970078165461982	1.598763434842795	-0.3937554984813504	0.3671885127912443	-0.4520834014123306	-0.47967013160355443	1.0130815896091168	-0.9492760197918737	1.0649648954623951	0.7597569301104389	0.45405549498250247	-0.6528110270248223	1.7157923713897816	0.16940701704362499	1.3359659161683757	1.3295210324949192	-0.012488078766280889	0.24678943122089575	-0.5761312328552617	-0.8427151053775844
GALR1	Coupled	-	-	-	Galanin receptors	classA	-15.975099110213113	1.302125564963938	1.8430487767210686	-0.513498807299587	0.5279377534055126	-1.915948174082369	0.31614379667799103	1.6944882806962296	-2.539350136663351	1.3665015217939909	-0.6295514538190914	3.8937871534967146	-1.0965545506872005	-2.1228605579676576	-0.2225381745275459	0.7908405576942947	-0.23551297701688792	0.1043673595667463	2.517448344926918	1.3529397881635872	-2.32472146528093	-0.693653661862416	1.0574963754300097	0.02041778780613584	-1.401403142639248	-1.4933657365632094	0.7567170471110946	1.251411152845866	-0.711034360174599	0.2748664276478346	-0.8934046176277638	-2.663983541766636	0.1545463208585058	0.39450585346223543	0.6717074984656713	-0.154739551724368	0.22021867428067674	0.05152659923056189	0.4841196632997524	0.06302129905227699	0.6255057541130106	-0.43813960108852795	0.8625773925134769	-0.06830042001415308	0.5953885128675536	-0.8305170053123209	-0.2214496133008988	0.7082699707326109	0.2049065890863369	0.22940087552917202	-0.5117402503967059	-0.5872635842360759	0.21874622497097887	-0.37930869850179166	0.3424736908770753	0.5204330359797003	1.0988343459274428
GPR21	Not-coupled	-	-	-	Class A Orphans	classA	-26.27117663242121	0.11484171148759595	2.068395809172991	-4.3030842324021785	-0.3364633014066837	0.24220507715649356	-3.6984230570993595	-0.4818222807862807	2.6479283808616603	-3.3857346140780815	-0.02889007491304742	0.9764752403929424	4.768330659505717	-1.795920700614817	0.6518368229359285	0.3229251320886767	-1.4848634290620144	-2.9437943988732487	3.1938351953349873	0.025596646471236734	-0.02140424362349734	-0.23895555612120611	2.2140555330730294	-0.8231194677810653	0.3808577588087176	1.7049934578970027	1.1396741769787064	0.5831288483956665	1.1735853682279356	0.941468131477915	-1.463915266513476	-1.8842608096853077	-1.235438780343365	-1.572059609328651	-0.8341327386244817	0.3246270192268233	0.27225855780108105	-1.6162394093787913	-1.2891570215613533	0.1707671600189621	-0.5936848546840225	-0.21734793712540987	0.3542919017764838	-0.3844505673202444	0.7031108511586497	0.806532327418834	-0.4547133505575823	-1.3213472731635318	0.6894572482980396	1.2113445479646068	0.4952600141111116	-0.5552963529432543	0.36941329250647237	1.5748196173972828	-0.20682637446291824	-1.823149022477448	-0.8968351161142142
RHO	-	-	-	-	NA	classA	-10.631335049418698	1.0413409184535192	-0.826567672330711	-2.848961744927804	0.5225036708677715	0.7147512792647394	-2.76338400255079	-1.0751263823751251	1.9835598365525053	-2.2060191205818445	-0.6363277489244097	0.686198227873713	3.036093084320888	-1.9294558592874458	0.7228639790862406	0.5257554219448112	-1.5712982710110819	-2.813979332949387	2.1133090329025133	-1.7862087240153017	-0.6565707188912485	-0.5521342772419239	0.7939665998868798	-0.6420593436002725	1.4106621387637166	0.2257719617062064	-0.9732052684490283	-0.9326503988441429	2.52975371485542	0.6574809811567517	0.06606803822690142	-0.346749325449576	-0.6372234026143031	0.20446813103248995	-0.33519186617896857	1.67626492780499	-0.7338955940812683	-1.229660133655608	-0.17461885618658504	-0.7032373314422904	-1.7231805506287492	-0.1755581475189382	-0.37197096588849965	-0.19922041996286408	-0.2360595830617051	1.0699206963881753	-0.8853038244046805	0.007767503652660556	-0.8825349954558444	1.910004940951107	-0.4860223741847719	-0.6657952669904669	0.8590269559686022	0.5976200930841431	0.43140498743168765	-0.8214540710733806	-0.6720708621596593
OPN1SW	-	-	-	-	NA	classA	-12.514687753200178	-0.8188451047556599	0.31835955226009327	-4.303174299679541	0.8791159606020655	0.4675546540477165	0.10068981124978224	1.0722370610175036	-3.390649287839647	-1.4569136900289348	-1.610714253170583	2.4775545954732014	2.05103358887875	-1.1629499404430315	1.729441649004958	1.6692233413666644	-1.6034538395427762	-0.20060722860980038	0.17665375711394532	-1.5974171593512523	0.3567641525534487	0.9102388638042535	2.1999268421994693	-2.1577144370838583	-0.7517552942703349	-0.004658595875030256	-0.1166006154635273	-0.19534179514876632	0.9303257744230966	-0.3512629565244713	1.8657497580349969	-0.5221404746726039	0.3367576350799735	0.20750437842326236	-0.6905062393487622	1.6417572645043161	0.8188234008133667	1.4044789418774553	-0.6278867725207954	0.2811367737919821	-0.3379889065969195	1.6423796104330137	0.9871971520423973	1.5272296127162717	0.751074656879788	0.4971338001274197	0.096628240547222	0.7418540366241423	-0.9638267053539863	0.9369250029557902	0.3635039009033914	0.10876269996401397	0.2785984056538425	-0.5659169612866947	-0.6899501624348328	0.16855095890661256	0.08475199570614551
TAAR9	-	-	-	-	NA	classA	26.15890897827019	5.974615494205757	-5.793360446006468	2.0005399433419817	-2.526350997563972	0.8954308733663761	0.06304508920157179	2.6044655705301882	-1.0631755293609968	0.151113174136456	0.1488123724323215	0.11596519161325948	0.5831434939506828	-3.5393179475226373	0.1973737824102333	-1.5758601548354914	1.2776111786466295	2.08549432499691	1.9802610229718212	1.6501183377132507	-1.7598862417954035	-1.2861800743070528	1.0690281277159641	2.365866326983359	-0.4614455681759399	-1.9709596858683358	-0.04576316343207068	1.4604807834409808	-1.3124725580580938	-2.11481158846592	-0.22342134289843238	0.5251520221991959	-1.492597674717513	-2.1072133291272532	-0.31987085981118246	-1.2033779068966917	0.5821674529141387	-2.0767651948130017	-0.6541379312360533	-0.1779188750785117	0.6713605986091885	0.6023355323773776	-1.3361196424813981	1.0383952389461923	-0.3306351570102511	-1.2835807590428254	-0.1321190920780479	-0.39760994970063873	1.7820605412554071	-0.4626294501149275	-1.1380654595493978	-0.4288246256127972	-0.7024179387012391	-0.6721643013282338	0.40390086483813126	-0.711998125241193	-1.340410902199297
GPR148	-	-	-	-	NA	classA	-21.514542072003387	-0.5836711370329003	-0.1391186085231451	3.583595132680369	-3.1359383682400144	-1.8733372026958388	-1.618023886830044	-1.2820558337720733	-0.16992214218852747	1.9970139651307943	1.8675971919592	4.31021320269362	1.9257005033837618	-0.49588634808722337	0.10175429850237995	1.1662697778411164	-1.3839743879351225	0.960060790093186	-0.8704627832971288	-1.4914565452721662	0.24636548430128158	-0.35223846319889496	-0.478183288982841	-0.4495716057637959	0.3838612548182216	1.1441006292437226	0.25993274922892823	0.23623901097117134	-0.27943062977229816	1.685528454341527	-0.48661644082319616	-1.3766376329289638	-0.31400847810859167	0.29944131698732535	0.5536517861590312	-1.189279585553595	-0.15167168963826289	-1.5068906890439213	-0.2880529934613391	-0.3265711938357912	-0.6175765088817995	3.053610511705432	-0.3581681763642452	-1.9098978256697938	0.06494072005261776	-1.1695354446461237	-0.11220338697590257	0.6020451430446071	-0.23788303911297237	1.1607290819303104	0.14919391693646852	-0.8144446995958063	0.7206108115527079	-1.2426697029576907	0.462007331479053	-1.465993294477761	-0.7330687777259931
GPR42	Not-coupled	-	-	-	Free fatty acid receptors	classA	-3.534991127706598	0.944740469595572	-1.1322492796263994	-2.3071245602194046	-0.307410656265754	-1.370139770245315	-0.3103371485431508	0.4332615302442012	2.0228359102638103	1.6798227937855967	1.2605232794471557	1.5869535088836317	-0.47511805751343134	-1.5641177668849329	-1.7694123628010745	0.7081985937721664	-0.8597876959659642	-1.158896651026493	-1.6863576479675821	-0.8817196367911301	-2.454309918413234	-1.4959416376601595	0.1605588066006964	0.38245207878681575	0.05190503454845895	-0.3795514539132981	-0.6837934798768648	-0.11956015078054373	0.8459747501775676	1.036492798252886	-0.041524954742732725	0.7729373169574973	0.30121831873735055	-0.5285197568387093	0.045230947844656366	-0.31771238159073045	-0.5646889736998688	1.330097276400668	-0.9045434255214369	-0.855009783193996	0.41670662417352355	-0.2665581362786428	-0.03789054761088064	-0.19435973179292867	0.5178904951806538	-0.765021076771011	0.2028943981064376	0.5987251294345235	0.12746593688541275	-0.8311015001402557	0.4223444970891404	1.1119176363479533	-0.785324614514561	0.5433843074057074	-1.1753119601062016	-0.3642077937642378	0.8156870405708979
HCAR1	Coupled	-	-	-	Hydroxycarboxylic acid receptors	classA	-21.88140726023189	-0.6456968306948698	-0.15799986321806825	3.7756477627503804	-3.133200215583461	-1.7954771517493955	-1.8866946084484475	-1.2823827283040434	0.22680963477078311	1.980522733363111	2.084934789841829	4.177038301916806	1.6804465956709385	-0.7874711590622487	-0.09308313053239178	0.9426814099092713	-1.0272852325514594	0.9673490678905117	-1.163375197937556	-1.6064749731510966	0.4081526807752609	-0.23228382197749334	-0.43259455771043603	-0.21633438054939555	0.8238097040441964	1.204922049783162	0.35985223757139767	0.39093638733346453	-0.052048376381559326	1.589873487578296	-0.6352837724258734	-1.4306608539969576	-0.32507583586362004	0.3065287517275869	0.28814924305665024	-1.0539809565531966	-0.36526895726827047	-1.1887622581435624	-0.35946079747147214	-0.24893765014930191	-0.6076321561618083	2.9408845017235614	-0.14788274727561782	-1.784877835570673	0.03720946268411348	-1.046341852579714	0.10923489648506414	0.40066090077039374	-0.04881238075439285	1.3026028410476684	-0.0619609242093103	-0.8639882938372742	0.8760341991046952	-1.187776005283389	0.4156329117939247	-1.5420756733650072	-0.7277575501546335
FFAR3	Coupled	-	Coupled	-	Free fatty acid receptors	classA	-17.32636713649089	4.238396537506026	-0.4257557906054521	-2.9020500959195012	-2.36174174429263	1.2039137728798393	0.3291687804798128	-1.656501491912573	1.6731077541203527	0.10629166693281478	0.06805207677739138	-1.77064884000441	-0.7729094660429475	-0.7566561634549198	0.4612165029544244	1.1921877429834804	-0.001585334252565004	0.885810747384339	-0.3079092183004005	0.9941892027460345	-0.029133620825680686	-0.20228966740598442	0.2086533871665408	-0.8949615847304746	1.0733521624182591	1.0230421411538893	1.0587408339122637	0.32433778297209687	0.061663060446566574	1.2080099467981191	-0.7466788104733595	0.4543608909950364	1.2657165686525294	0.4929824533841403	0.6550140440436163	-0.09720373887468357	-0.5726042512982854	-0.38493542977628536	1.9391852999790058	0.23657634510439957	0.03429941525060763	-0.7669183594746143	-0.6794921106570737	0.546814445054625	-1.7306352745639937	-0.9919768352068379	0.9169981478476777	-0.5267758225369763	-0.1703553435394285	-0.0890846431517442	-0.36596027047659563	-0.6210020520998071	-0.43032247358169	-0.03073998672177926	-0.7664301513241715	-0.46360866632782205	-0.010096315271089458
CYSLTR2	Coupled	-	Coupled	-	Leukotriene receptors	classA	43.61403856753484	2.2321607760628046	-2.3355050559976736	-4.28538294077152	-0.027758652111207757	-4.13468408443889	0.1278952546436603	5.8506336834197485	0.8626459548733173	6.036215071578815	6.487278804462612	-1.4199846962959237	4.922955637103001	1.8587375560389512	-0.29828175562176734	0.9626205163011157	3.560773184808891	0.8391926890106627	1.8619514588625794	0.9755610891735224	0.27669777898421927	-0.20536223262718428	1.9829668068117434	-1.41357040350479	-2.8136048574534773	-0.07462509867504381	-2.515353435463297	-0.1377049571984436	0.25490747297314165	-0.7336220670848609	-1.6441880787463181	-2.083147560232248	-0.3267868483676263	-0.1627092020781123	0.3315193889575653	0.7123796884698156	-0.570861610899874	0.18690006998959294	-0.1648289455649167	-0.36103516928488827	-0.3037485965710054	0.09970641546444362	0.7092003785521414	1.4993590223416655	0.7692660197809056	0.13597745501652506	-0.17204069652026766	-0.6875471665625102	-0.02861629017901422	-0.3475539967467841	0.65339267490219	0.03399826250257743	-0.9518039133658405	-0.36960880526883266	-0.828039065428139	-0.9458002894999263	0.7602018851776015
GPRC5D	-	-	-	-	NA	classC	-6.5082555488668	1.0217680929177888	-1.0044471505899062	-4.179291543472499	0.9969658988678396	2.2457029850492485	0.7310131901730019	0.12001488346792615	-3.9833018347574973	-1.029883925048956	-2.878266615861663	2.3769551904449946	2.052580282815595	-1.3305143468641256	1.4069289736256683	2.336484896975748	-1.2199210146568058	-1.6620521604738474	0.4064051740552367	-1.0095292387352546	-0.6962096490069916	-0.48844018975501946	1.7957799326217714	-2.7356435453197583	-0.9358770196894699	-0.3946441176312441	-0.7290399609061731	0.6879604734358792	0.7477194254377819	0.05508327433146424	1.6785972034042569	0.934416149395527	0.13643191991088985	0.4676051023618564	-0.717033039002862	1.569027892888572	0.31889931727050574	1.1063272774476096	-0.6416519185910022	-0.4879826256454494	-0.9326179268105265	1.4517479608793193	1.041221173857424	1.0756541997656417	0.5289320077385191	0.09672242004312354	-0.03028408596055066	0.8887975037752012	-0.4430070658470362	-0.0959797003311282	0.6043211550727388	-1.1229117631452676	0.100202703823655	0.5028010523413018	-0.7820012840333891	0.09579788061582911	-0.13137304825782514
TAAR6	Not-coupled	-	-	-	NA	classA	-20.265603039020633	4.324147961851328	2.0029671647802427	-3.3780313282035226	-0.2623308566688999	0.630717021855933	0.46600648497690683	-1.1971510133480712	0.21868578626743754	1.2829454855472484	0.4522918144524552	6.254711366946069	-3.140678729450283	0.3541385496460276	-2.3305536473945527	0.8937773784672759	1.5290485550908344	-1.253539277599372	1.0790922209542524	-0.8416099423895749	2.5011480274420608	-0.39876392828445906	0.7159213152755312	-0.6939368052485918	-0.9702615815494136	-0.23571858281937905	0.11774702456364045	0.7451940757420678	0.05543268652963004	0.3122565037319933	0.4933322247848934	0.8155375241425746	1.1541650179977154	-0.31605269067541364	-0.15087167465116674	1.142193906529172	-1.2791761193283486	-1.3947410861352294	1.2209822527952916	1.5449136241684098	-1.3312922172530128	-0.8825350336619191	-1.3485824949321537	-0.6601902236731036	0.5419096075931796	-0.19119490119178068	0.060598785410206114	-0.04564586614124096	0.5108732835296439	-0.49587214716891825	-0.019852039540949214	-1.756730134797812	0.25353560965607946	0.4173619414242222	0.9834029640945029	0.44289620681663233	-0.14916822340878838
LPAR6	Coupled	-	-	-	Lysophospholipid (LPA) receptors	classA	-8.04279785313725	1.2152770508011859	-0.4943536403414049	-1.2450637402574074	-1.974364564409686	-4.182016755844035	0.6940510949666451	-1.7566210172379373	1.2934520627553043	1.67054475313135	-1.8428469245898225	-0.580954695365655	0.16261626663427908	-0.053800081931166005	2.104333512674802	0.9394106658559858	1.9758409972904143	0.4231501557670208	-0.24988686198676505	0.010767528684393337	1.0404400138094825	1.7272552377149741	0.8795987536799192	-1.026860633036152	1.3756695322598647	1.5352015058387505	0.7576190794328912	-2.677778991319107	0.019898121368810282	0.2808684884737168	-0.5670011348099434	-1.0711162893848583	1.271780123109789	1.4968100787110041	-1.5199423812431796	-0.9734014696516524	0.48393924754751344	-0.31633458870505815	-0.8504640159369505	-0.34981948689679715	-0.020899425715567223	-0.5570046547276001	0.14136626523014306	-0.3956215571268933	-0.30474927581621014	2.8329510053951386	-0.8709050334148812	0.5067176244284344	0.3728248381802608	1.6718535830080354	-0.1907340446097627	-0.14555482857861024	-0.5313270615412757	0.014933564942314497	-0.08349125875738538	0.13953740297791226	0.9464782236814195
CCRL2	-	-	-	-	NA	classA	22.55055535159382	4.737219450950221	-2.009014795721056	-3.375815178170139	-0.19105884738558943	-0.01724951450242763	1.7885775038830898	-0.9947884292787588	-4.295327883202834	0.3298139663787682	-5.104722384223414	8.139013340298918	-0.1886753796143482	0.1747652062334491	0.6490848521295275	1.4390657723313558	-0.8544029650257154	-1.4598703271884967	-0.3496512211480635	-0.06920311122298105	-1.3053214803016016	-0.635978914072893	0.7701775949587693	-0.9567214470496228	0.48023373620142396	0.34656713752394913	-0.17502611256918768	0.6594105134299151	0.06690760189335984	0.32975236865397856	1.8333137291408728	0.46610451659755703	0.5070459288104059	1.726369004045022	0.6636317226351348	-1.105576730938171	0.057562789531241075	2.116559682723389	0.04941769840363091	1.5504967720940601	-0.5520693597551098	-1.148234212364741	-1.0207052278280637	1.0801364417760815	0.47449795379971244	0.3944490550811217	-0.2852373901829415	-0.18663883926460226	-0.6289974876975591	0.7227949925345457	-1.0452381169983367	0.8010624323471144	-0.6806682289576759	-0.08295640873828751	0.3247396362300055	-1.4814472194458748	0.3391458758609903
TAAR3P	-	-	-	-	NA	classA	-6.830429734314386	0.2726803349794148	-3.621261853525656	1.3299892161783953	-5.371222805957774	-1.9559185574842488	1.3192802817840237	-2.6021971571272764	-0.878411503329865	2.471784490161554	1.701576254187335	0.07291618383405445	3.1071072881092996	-0.43474306838064286	-1.0588956945392105	1.7597589287963755	-1.8319281812953785	-0.26613434208151054	0.30991770394649504	-0.6381503712841351	2.5908958229058405	-0.7723934698192843	0.8293705688446728	-2.5080788949634267	0.9902375604469759	-0.6757479693646623	-2.804409765849437	-0.5524193939926964	-0.5690462506961061	1.8242355021875394	0.3484261598206744	0.3137860948662064	-0.846914783938389	0.5112240976546386	-0.39334676546764175	-2.5005242224638207	1.1218035281259744	0.17846104705640542	-0.4361262352523689	-1.013619229095278	0.4505571281724078	0.6311122797972777	-0.7336154194712678	0.48772746210622364	-1.4446557730144678	0.22197582562031165	-0.11249052342121735	-1.0861105661157067	-1.2726955703297254	1.3744152938137668	0.08131302367162199	0.5038968075169666	0.5772488442548502	-0.7099372244114003	-1.6296091568229918	-0.5493349332352339	0.8996652490391905
MRGPRF	-	-	-	-	NA	classA	14.157782379476508	2.5163783183108235	-7.133718341514273	1.4884737356341036	-1.4303251661781238	3.129057307160724	-1.1119626807659442	4.516845726251779	1.8093788415614298	-0.2439150641819986	1.1712667388878906	2.3855652251448047e-05	-0.11939046125233754	-2.468159558174695	0.5776888653099232	-1.5162587363128184	-0.20398568036341122	-1.6231671968832193	0.4679469086763781	-1.333097128389716	-0.8388757616600817	0.726182562274037	-1.9226520506350833	1.6785288751407557	-0.671020085944212	-0.5835291905836941	-1.8412097377648788	1.3839534507003945	1.320993107947207	0.5216809494962276	-0.5264534995184289	0.11749409656442869	-2.373481330645822	-1.1096995208353795	-0.7208351379094459	-1.1105950579305115	0.0010357542506405988	0.6944359981860042	-0.8588414950669887	0.6342504965289549	-1.5372556101875294	0.45092247807736613	-0.099578308177323	0.324276427965991	-0.4963171520014501	-0.9465580910620169	-0.709778412446958	-0.44870983224247574	-1.4418068511498119	-0.8135453510922975	0.40380624888650796	-1.2908119851552184	0.9369268789007078	1.6279372376543892	1.399149897587675	0.05079834195760198	-0.7068076793545675
TBXA2R	Not-coupled	-	-	-	Prostanoid receptors	classA	-9.974132052509887	2.8401219438483447	0.3706657975215522	-3.9522420537187126	-1.355163063446014	-1.1726787461984778	1.2014047206871785	0.8253668839715232	-1.3344650544101324	-0.008454890160000504	-0.4633005769118445	-0.6920325413520713	0.6868621666243651	1.674737936030882	1.8141319732772445	0.183984480180763	1.2614733493388646	-0.8327084237119151	0.3713247661534877	0.2292778547444532	0.15764280329062777	2.840904332465138	0.7454393664704457	-0.49388223620287114	0.3145430082452038	-0.4650347745017728	-0.5387021078599838	0.2703036136207134	0.714617422318858	-0.33843569684789	-1.0122791190907452	-0.19762766569809617	1.6326202778774805	-0.6770445051775027	0.8469986434735848	-1.4782898516744896	0.8292376517154573	-0.4584910751469534	-0.17857018085255746	0.8786519991729584	0.37931774788117784	-0.4137476197893092	-0.23918013049084844	0.392591430223824	-0.09699804364655289	-0.39118225964342995	0.28870397865031266	0.20931616989946972	1.0247323104066988	-0.9138683181137038	0.06059131375860665	0.575911837625677	-0.44487746648556387	-0.7817633979827919	0.6004707136880434	-0.7950839978474281	0.14470471092983697
CXCR6	Coupled	-	-	-	Chemokine receptors	classA	-9.65616140081774	3.6598110811435025	-0.3975667550690522	-3.568387763056729	-0.8246076330637385	-0.7440464395325755	0.23599217548218065	-1.323171129655229	3.6271586121010166	-1.3746178746520925	1.1504337647219467	-0.5459880148562938	-2.597315235945619	-1.8579122127682273	-0.46880671808039376	3.2870452500453804	2.163030350512053	-2.4350527184915927	-2.2475934496666565	0.8593755987007387	2.220548060439393	0.901578458353982	1.7812659064595695	-2.3968408268996484	-0.9477285290016885	-0.9667117961480719	-0.8718083171465644	-0.5022387737974184	-0.1250885717411415	-0.5274732546845571	-0.1665259613904515	-1.1284563947583628	-1.1710815682564018	1.9070907003896254	-0.13413695701352277	-1.7127181563909932	1.038428970671773	0.4055999673935858	0.06684701345399288	1.1688625670422048	0.30500933613760733	1.719012341420246	-0.4838009746112067	0.19613502650779005	0.3945409844946062	1.8073520384692827	-0.8206945550956267	1.196121063786963	-0.1992016511920897	0.6261287357954347	-1.953022443167466	-0.9799777850803305	0.17122505187127987	-0.2484916472552323	-0.05834109056058053	1.698440967232719	-0.07725520730211277
P2RY12	Not-coupled	-	-	-	P2Y receptors	classA	5.146802796953519	3.0626054942973244	-2.752621439298825	-4.380516269641229	0.24120461131629795	2.540780705545129	1.93140762985535	-0.019486361102349598	-4.584003007842988	-1.107532882780513	-2.758088125376545	1.7933139135774252	1.1445451721954563	-0.10742000934208518	2.055187717538691	1.2199721239980674	-1.3442994376537256	-0.30886110507158143	0.7858100780158624	-0.7361725367458701	-0.7366758155831618	0.809759124799267	2.3959246235868634	-2.530637488290327	-0.4822675067587076	-1.3752871619337834	-0.35183049641737624	0.8688447895637283	0.7872013112044259	0.0013665631193632232	0.9127806743222348	0.6107767765558323	-0.0023445940066649596	0.624705700387546	-0.5527779035529008	2.437728875124811	0.5621793492801563	0.7174438880464491	-0.38981134148613444	-0.4089225700404855	-0.5718101762414125	1.4277866026934054	1.024482332358939	0.8298724676692103	0.3391933081805054	-0.1546505722988355	0.4876446303274728	1.4186312021568697	-0.3291628799067939	-0.07680312655625833	0.3229869275667407	-0.11621422025622333	0.11893947774346245	0.39659252088864877	-0.7850158274544112	0.0012303327051070058	-0.8566798433589422
TAAR8	-	-	-	-	NA	classA	-21.147508640201373	3.2870070746579145	0.2826897436744781	-3.205286960424472	-2.284008748989243	-0.041117621831064106	-0.5056445922879816	-0.8632721373995342	3.8557979686208625	0.3902569503811937	1.7731116933097255	-1.2342363433278054	-0.6123421056686876	-1.459217030847284	-0.6050502561773446	2.113499645582644	1.3892640029183039	-1.1475304179464962	-1.4331767285012635	-1.168127938373314	1.2510385635717731	0.21916483605898118	1.2077845858508016	0.06972056145258207	0.04548173361622836	-0.5315560353933312	-0.36713365473557724	-1.537109964383169	1.3231773887341987	0.6773960345820018	-0.7357534921727885	-0.8145470193752973	-1.5407785475287412	-0.3382262755216055	1.29497896086379	0.6993086886907673	-0.6198569710404185	-0.5924151992861924	-0.3035613260160757	-0.7453462963193827	-0.1924357027193433	-0.21768119267802954	-0.5061500268468164	-0.3559985744232768	1.277954085807015	0.7351632231970152	-0.08292255189442521	0.30944951115830455	-0.8054823172189399	0.06989644034497708	-1.0635712091415275	-1.1690219458636077	0.8899816405019807	0.4532963617474079	-1.37576033706917	0.10943787026855752	-0.18238751223962066
PTAFR	Coupled	-	-	-	Platelet-activating factor receptor	classA	-28.018078272027818	1.687454989368575	1.510394033263552	-2.8069588041628095	-2.0631413358577504	0.734884685516254	-1.5037435148104656	-1.3770791887599296	0.5130035180378008	-1.1033443517384964	-0.16781830282247506	0.14251891994369018	0.9964010870975811	-1.1811435140388664	0.35244025786240135	0.757307407854079	-0.512528661128118	-0.6436207768133224	-0.1679572901815677	-0.8972179953364162	-0.08379453646404271	-1.547369518039531	2.0273924649927326	1.260541081875966	-1.5892512492650257	0.10006077525669393	1.1704810072464704	0.7437093490835348	-0.6643013539191541	0.9221856080276188	0.6294873397862663	1.8034116101761068	1.1065934726766615	-0.8934942441543561	-0.48242025064061894	-0.18446533997245446	1.0870798459520414	-0.3761251010016751	-1.452492856297829	-0.9058365199724618	-0.39557681681497703	-0.21472511434617259	0.253398494746617	0.6232522209542316	-0.9349937055885649	-0.26009558457476517	-0.4243399949272442	-0.7343085386778911	1.4984605035968304	-0.8040165939144984	1.51403522319382	-0.3181658519792029	-0.6324106777866499	0.09762390878050187	-0.41784606709181643	1.3446652621889943	1.114376338426257
MCHR2	Not-coupled	-	-	-	Melanin-concentrating hormone receptors	classA	-12.622613965197742	3.603126197079528	-0.4743494856996692	-3.486386579115937	-3.4163572653584295	0.08328479699252987	-0.564083938923103	-1.0735562174726487	2.435940578069883	-0.7648222005495063	1.0455140074364544	2.1630889245082083	-0.8947198272498552	-1.0089617286387813	0.46922892090360846	-0.2552505436455125	-0.6837819374638011	-0.5462570268624588	-0.2469695268254758	1.9903713630578381	1.0962581241531628	0.10804474728045106	-0.9033629542026551	-0.4548352581464021	0.1843281310867946	0.7359752117713477	0.37564249872580036	-0.22410805717165205	0.9835073287842653	0.6928067935963236	0.8669925915960558	0.9103579339881618	-0.17854002401768654	0.7637993229251643	0.46210572917610565	0.8384716663194423	-0.822136209347331	-0.5369773320647128	-1.2203718376810218	-0.7115258810103215	0.8425523522573493	-1.0823549873035274	0.004075662553194105	0.4119530978455647	-0.34045702970132413	0.5858796993515112	0.9444628577615738	0.021161667748043893	0.7024495117562098	-1.0173166552002078	0.5397105879884795	1.0526029873073606	-0.06541824091145078	1.5655197613568013	-0.23394297016315446	0.6566685489761883	0.9950557699558832
P2RY10	-	-	-	-	NA	classA	-8.545190155469239	3.5315073135051547	0.3221368830863108	-2.520673598205026	0.5154802215766253	0.24560573679713693	0.05833588936189028	2.2245754439337517	-3.7150752644132945	0.2539803236427736	-3.6774807927595687	3.9130854062048397	-0.21582343012398958	0.21705380808818814	1.3244877885714337	3.4812524724030314	0.36534813301868024	-1.0717082336896828	-0.14367966614534514	-2.042659479355379	0.39476777316588685	-0.7969227541122859	-0.004063794718300601	0.6563096492653874	0.8601397366829712	-0.8825242967968407	-0.7512655754915055	1.6762226213393292	1.1778593166339444	-0.5487619997660949	1.7553704389422182	0.2112823537834659	-0.01442242806291686	1.0600838295360533	1.4549356526434072	-1.2846273202590253	-0.4199504160479914	0.22076311612517827	-1.0853763324729804	-0.09685282343273609	-1.1702419473222043	0.21137582814659775	0.8326706477581017	0.4189113682685024	-0.2870266821586639	-1.3986861486123026	-0.8170065082666538	0.20606461497939674	-0.10139108304664364	-0.6371159377356668	-0.2918324767557737	0.636535048799032	-1.312763133441436	-0.6193504845504115	-0.13335815363036435	-0.1380511461367513	-0.7872782895331373
TAAR1	Not-coupled	-	-	-	Trace amine receptor	classA	45.928790435535234	10.852435438433968	-4.802732038565408	-4.67331843433182	-2.127707557687452	-2.280374634077665	2.712257778342358	3.0142730911041653	-0.8114824687043289	2.6798328092691257	-1.2911508795003437	1.276536665650733	-1.7903857370858633	1.7554010338979604	1.5757309930562877	2.976038551833807	0.30429580230526293	-0.7562525693401181	0.6213911571199617	5.427010284267701	0.3962256654482882	-0.35372967496871166	0.7443442232907955	0.9127115737661502	-1.6334719475429818	-0.6188638814832069	0.4266467734765855	2.1446370685476768	-0.6306389007281108	-0.6042576581733153	-1.0950257051280659	1.3634491796483528	0.8649631182260842	0.3978510269583479	-0.06969437064220117	-0.45297939647669994	-0.857376172591146	0.32813824366109495	1.2223366632702592	-1.2896388606729006	-0.5051131395451843	0.36549068955935826	0.3610199872786985	-0.3514936812985882	0.6792135888880215	-0.6002580609069059	0.4093586920570903	0.4395838789126605	0.8467533973160435	1.4342617114176706	-0.42255792059208946	-0.27722683546438603	0.2091207569226345	-0.6665818026461965	-0.3248814202531487	-1.400858032566152	0.7132999842909334
GPR160	-	-	-	-	NA	classA	-0.893728890398697	5.784937282574378	-1.7386274795054648	-4.107598532294221	-0.6365347445029911	-0.0841096350504564	0.30458927830272414	-0.397345308397095	3.3596683444432567	-2.0083467501766537	0.35057792488648776	1.077813751160076	-3.443979073639547	-0.36798459412948636	0.8777557710377473	2.1618875868738288	1.5412185161002256	-1.8084638213857291	-1.9924171087337852	0.47515457446298137	1.8183837623089512	0.75020579126701	0.33408266985531304	-0.6007448755133086	-1.3992087383084553	-1.6016382218782186	-0.2293065595916888	-0.2816883850450867	-0.029028255037112944	0.5707286153950992	-1.0544237149671198	-1.3070033183084842	-2.2344644637676923	1.3184194592803486	0.5500688750582279	-0.40233133668345644	-0.8193181891284776	-0.6614803578713951	1.1702861090352246	2.2515750835357498	0.7386039594008015	1.1965460556662126	-0.5938111218812098	0.6655398298678442	0.8745152275907688	0.1414763354570095	0.01332234952106667	0.2815878106413617	-1.3759890445136844	0.5922343807649644	-0.6839258033093529	-0.31430061769901446	0.28554589150656007	0.13740847342162832	0.002067071999825855	1.432302179438804	-0.08437835290465695
P2RY14	Coupled	-	-	-	P2Y receptors	classA	-20.97095680719286	4.51956664398499	0.4708161193432668	-3.329667032543075	-2.865122947648651	-0.04191533559795761	0.3954420331064473	-0.25544553765583233	1.8861758079544215	-0.6773872299284548	0.8045348596025632	0.35977047263636763	-4.218008816512939	-0.8440832139303337	0.18106001974820798	-0.32207286276439584	0.4402140523167405	1.635561436367566	2.589447096387193	0.36551813078267636	-0.011840610456155008	-0.07796617476549764	1.7368746817420493	0.02165799034113822	-1.8184014648883158	0.46626395847982977	0.9055165422833831	-0.5205451652587795	-0.7069228037693001	0.10382113086123052	-0.4605030004724328	-0.13294134963858248	0.9243316388174727	0.9316464986274069	-2.2379102156004778	1.1445293576069737	0.06332536494444777	-0.2853697214663416	-0.3805764134141167	-0.004206583414456266	0.14030372962652726	0.3211120618124109	0.5618956623803828	-1.081149471096501	-1.6259800724132332	0.36709637558386315	-0.4721739116581012	1.4135253251784505	0.2061817505334671	-0.20977642404868146	-1.058705272342481	0.6950980834971948	0.08903071066183289	0.7906932332734613	0.18672511066445036	-1.019046826725959	1.0204931305593572
OXGR1	Not-coupled	-	-	-	Oxoglutarate receptor	classA	-23.510652721155818	1.6658252684305876	3.967600212306104	-2.7376056551614374	-0.5102831128364906	-4.188444247843025	-1.3003273893030658	1.5131029294960032	0.49740817025707	0.013960159044333498	0.510428268285675	4.61108386125116	-3.5395849634790215	-0.6467748719670978	0.5995612423298962	0.3636861247959239	0.31667078216176403	1.0596120486722247	0.04474225607332632	-1.8076827538539582	-0.21147802719467887	0.6346417435161781	0.7099123958262763	1.5396218252203258	-0.7782566217430562	0.7282341310090306	1.0140753015143675	0.1268888815895284	-2.1502915125162563	2.366601299225793	0.06646801794311277	0.5810420094455305	1.9379010191284023	-1.518226798338557	-1.2996517945528154	0.0867901583350612	-0.6249870918066311	-0.3247966645905205	-0.48469330412404904	0.7305433380610658	0.0226486123541297	0.054910545857616185	0.8529150806178124	-0.396463808379059	0.36101541625586586	0.233243941343516	0.47246350193517817	0.9262136480760992	0.1150204956304994	-0.4157089520842673	-0.12554514348027393	0.9897579508648745	0.2198178201548481	1.1384485668494095	-0.0108685960201779	-0.7320961666122456	0.606231134707199
GPR65	Not-coupled	-	Not-coupled	-	Class A Orphans	classA	-4.690397291086306	2.7080102481613317	-3.189752522715169	3.607510374636146	-0.8008298951749152	0.8565988858539125	1.4379444817853504	2.725697258219915	-2.7710267301146727	1.9598680406995346	0.5134773736709324	4.004191322244688	-3.3502337398197986	-0.7556487667407439	-1.81314156026171	-0.06992819568945846	-1.659739663795786	-0.07295399416255648	-1.0898623162779961	-1.2113385267837444	0.5169973106320755	0.11118271607615074	-1.3282379813480465	1.5380717330211042	-0.3493261523882085	0.1422590605608359	-1.3148622947446997	-0.96432929034338	-2.418423734102729	0.04138786514456313	1.4690117620843384	-0.004392623227707997	2.952105984018729	-0.31921831026484193	-0.4426628658623703	0.026839396404346835	1.3062265568732623	-0.17124271942938926	0.1832240171505636	-0.2444435135865835	-0.13738325215871286	-0.41292904155601184	0.43151871959749044	1.365179790846754	-0.5430418576555032	0.08408197481467461	-0.1481589361535119	-0.31085297560177066	-0.7351081786472167	0.5228239257088756	-0.9472910528241697	-0.7649770284490716	-0.06990504962168163	-0.22779489178808127	-0.557940777252568	0.4235530700721015	-0.011765345501902964
GPR26	Not-coupled	-	-	-	Class A Orphans	classA	-34.40289789317904	2.135355400480489	1.0996352745941511	-3.0601604572213086	-2.9780717844073195	1.1799895214681284	-0.1100623972176332	-3.2240179579263524	3.4300814224449283	0.40458696784745746	3.207256721067581	-3.3431587976873445	-2.5911640459566585	-1.8523338395241895	-0.8516669500292963	2.4674799590128567	-0.8002305254948978	0.38162917192852996	0.27447903224961206	-0.5629937428357986	-0.31488445722938363	0.6425322423943889	0.9102549994680968	-1.2236021105174626	-1.0847908389169216	2.4285722496863356	0.8667178788618435	-1.0325115700292704	0.24631679414614882	2.7768346664467525	1.301089398733171	1.2075948819763838	1.1117151662977305	0.7844100483840082	0.42201491076892084	2.269742939392199	-0.5620477009558549	-0.8896671513532795	0.4528249230885887	-0.007269341726737095	-0.370326552283976	-1.4210851724546711	-1.7782315161511548	-0.013492552643769138	0.2720056849215003	0.4990619459568236	0.2794564839808548	-0.37837532536167323	-0.5944036177501855	-0.8949129062106305	-0.7133155784852108	-1.0690264615170895	-0.2624884800384516	-1.2441341383375961	-0.7981453713365548	0.05722995726131197	0.4437135818479858
CYSLTR1	Coupled	-	Coupled	-	Leukotriene receptors	classA	8.484396414990675	1.2193704297993273	-8.098046649527237	1.805973806068698	-3.9174725381475017	3.2920010443204135	-1.5150978783327471	1.918924829699	1.8147305248003174	-3.8378987079903744	1.4759847560498052	0.11417748485332825	0.9545989988873097	3.43275810595395	4.853741507482797	-2.7346963023777056	-0.8849939694713918	2.779819079526652	1.008153105088472	-2.172255330623902	1.1277630497558346	-0.1501441346923219	-0.509477319327227	-0.5529740534724332	-0.19445153725649902	2.1533560897341726	-0.001222487507991528	-1.4268684963769964	-0.8405212845565855	0.4453256012376233	1.0331671251568424	1.2795028411162226	-0.7608833512159066	1.2331456430851475	0.11557227256950582	0.4176765173193878	-1.739006163469577	-0.7850106373551593	0.35602438330670666	-1.1530289837867371	1.454107916506841	0.21462107099265623	0.9310857904634646	0.002612358575906091	-1.128500870439338	1.1300131365155652	0.7829713743491092	0.9485870890468651	-0.196363241965184	-0.6311029899715155	-0.37722394159938205	-0.5974762305783987	1.1528686802706525	-1.27109522442208	-0.01825351415849858	0.4149972147403784	-0.4701881527944227
C5AR2	Not-coupled	-	-	-	Complement peptide receptors	classA	-5.996002336868866	2.5282372817817764	0.6321941612627768	-0.7256268913517646	-1.7757604815659864	-1.5245476086973215	0.5417346689160008	2.456575980300383	-4.865491261639257	-0.09294706663248498	-2.8268723859277674	4.085537033766224	0.9236796764355517	0.8751091311457864	1.4529808885541349	1.9716070439615554	-0.6747377013290282	-1.188571834398935	-0.3356952011816708	-0.489381408820863	0.5174122807774301	-1.241156685996318	0.013249047229528424	0.6440220515801732	-1.1468009274796502	-0.24174086796576547	-0.8084936081933009	1.136252673108775	0.13942605682801867	-2.0601762477862695	-0.9882499751526178	0.1260465061599789	-0.9724650147231604	2.028336241926445	1.0286702650789161	0.0731586217880874	1.166853984919528	1.009204113685249	-0.29966930818547444	-0.7388219743268828	0.9493124589485827	0.6723433890454116	1.2794607592210971	0.45297211741844623	1.4134672337686751	-0.5178380266139849	-1.6269994076265974	0.2862206643232278	-0.41797369210376195	-0.7833014585188051	0.0706655477570049	0.3336124227998881	-1.0122635607976675	0.0003954547689621876	-0.0024400790438320144	1.2351407127072878	1.116138922495452
TAAR5	-	-	-	-	NA	classA	6.6057271651641	8.951441150940843	-3.5410481868820556	-3.289931800320044	-0.1927758087979516	2.2256068188157614	1.5019392561521996	-0.06567523095743291	3.701334126448129	-2.0298448534887528	-0.27747311107188827	-1.0724867382059053	-5.651202121603973	-0.9919075290579498	1.8696901311909901	1.27229034198372	0.4646458317852427	-2.640854422771441	-1.0293869311201214	-1.6447336853751817	1.0426194730320362	1.5537762671722726	1.7425406070933132	0.6324793611696187	1.6939739324389567	-0.826956676020875	-3.013331830670684	0.8779342142831552	1.2133012319000622	-1.590301774006315	-1.4340119605980162	-0.359662096171889	-0.847410693878417	0.4846900156895786	-0.8031867828292004	1.3169537084433522	0.9155530107635279	-0.572376317033689	-0.1493940455091552	1.218210059813087	-0.9319291085762827	1.1536575160779852	-0.38441038368296815	-0.21981042432120357	-0.9426999533399368	-0.47454782230831805	-2.3531661489788926	-0.20915408786510098	-0.11205490407911256	-0.9420632663676407	-1.1344344119651357	-0.21986005393733846	0.5432419570633691	-1.5462746007870387	1.8200897109728502	1.1350318086619453	-0.6220817982905392
GPR82	-	-	-	-	NA	classA	59.21430128727899	3.7577047243894457	-10.27473728459384	2.9540504102819924	-2.973861781205658	0.9324270587829152	1.7602148663827333	0.3104680994481655	-2.1777938907449794	-0.44228321840514634	-0.12946667313727525	1.8161624560165437	2.826643175115899	-0.10341093585904781	4.030732326565953	-2.643044276702865	0.4925994710957698	1.9196081483201142	2.0452088630795795	-0.45260575545926224	1.106778029489555	0.9376143440052526	2.513693279791988	-1.9924495073832755	-1.877703513062692	0.5959832159259589	-1.4342877950994446	-1.9247362466158053	0.6964210299137693	-0.816250375449919	0.24987971842715875	0.9394503445534176	-1.3662254203369923	-0.14762746904834873	0.6517538367637687	-0.4716663925401566	-1.4789197096188385	-1.0023139540196893	0.024786274738672755	1.1343200789411811	3.4334560917937407	-1.1999305792973474	0.13701151469209624	0.8065227794649721	-1.1233407542851723	1.3801687531245195	0.8192629956842071	0.46289839700887364	0.45761603178286947	-2.324378551415826	0.039660777383292836	-1.5804511031883088	-1.3241543438669936	-0.3531467680247233	0.4058778479024151	-1.557216080022448	0.20198614788014932
ACKR1	-	-	-	-	NA	classA	21.46019033579285	0.8585910448787153	-4.382661861991376	3.2216370763149116	-0.012102929565012787	-2.8252715229708274	-1.6833825344896407	3.5571934646446186	1.8116457494719678	-2.6235488574038315	3.63290120636027	1.3814928465314371	1.4448824826614446	-0.9235346575865054	0.9026388625886049	-0.5299139086857236	-1.332157435849588	-0.9439993043644317	-3.4971790123620505	2.088353793545917	0.9983746733718557	2.113905410147244	2.189448221132257	-0.1930639088698418	-2.228546245990442	-2.2886565838575423	-1.5427252987395979	-1.3419850411966507	-2.4366151417038884	-0.36267764544446507	0.09808770835802985	1.9242797411559265	0.1656018679827591	0.15608729078287342	-2.0607809373051884	1.7003374673372729	0.7792683902245869	1.7136485581358225	0.35934778701133957	-1.7751082271429226	0.4779128600305287	0.8361357201138035	0.5846221315371206	-2.0594753533001966	0.9009092270642276	0.30853669376226583	-0.6128818523598649	0.014326504882592583	1.0778357834885115	0.6202874913917524	0.23725069485639788	1.2656695995570442	-0.4637450373509654	-0.5329083710278449	-0.06055959904972643	-1.9392708218442196	-0.7137876766069081
GPR157	-	-	-	-	NA	classB	13.657552378968456	4.558728066570035	-3.122505312357526	0.18448177648446035	1.3755580665673532	1.1882008658374126	0.8591576017543441	4.361631813234205	-2.2496947859317	0.9755754928269458	0.6666657548802135	1.4392740755603695	0.4314711484984293	-1.7536846065162726	0.023847052853131018	0.5090329780971774	-1.0689510452344364	-0.8150105194103957	-1.4360240258245804	-1.939429285213335	-0.6871327977021134	2.248669153018241	-0.42084096037697366	0.5006130037751649	2.196627831486845	0.37899555790858885	0.02540905211182495	0.4963821011253424	0.6085252619744451	-0.24950319360710438	-1.01425819465279	-0.5609144327677176	0.1828670465399133	-0.5142265852847242	0.596471566532883	1.3357727083709645	-1.1054980149249294	-0.08844828171619698	0.8186426729112252	-1.676708929237036	-0.2929863447151217	-0.6934604537747948	0.1833954967659172	-0.6208307202723926	-0.23492323610230811	-0.27238856492828256	-0.7649925738276316	-0.15562420094643326	-0.005232194218104353	-0.3650125681248547	-0.24501388509234942	0.230366275413125	-0.6178676630679727	-0.2818739567269356	-0.21354387836307895	0.39834275324617713	0.07401917007786785
GPR119	Not-coupled	-	-	-	GPR18, GPR55 and GPR119	classA	2.4443871430829	2.884816307952586	-2.0793874267059715	-2.5193262049883045	0.35037990054965307	2.446122697683606	2.4486297371526304	3.7940156323904364	-3.201814879734726	-0.8897858237850965	-0.2466712893582653	1.0722535747183368	0.18338851964206723	-0.807616616000244	-1.6823618476841313	-1.3912097884455692	-1.9638735154748095	1.7984686615764425	0.34455967333360543	-0.08095564933837986	0.3477159802731799	3.196835059116235	1.4612795733521664	1.2649367181674178	2.3870247103569167	-0.5977054271542299	0.3760605053174801	0.5563045498193635	1.170187437592577	-0.7078611641610796	-2.384452087416038	-0.3339028452423119	1.0826695811942348	-0.13436424773790812	-1.4974335979900693	0.4556240939258964	-0.6090525007738603	1.0905161044976022	0.6743424281171584	-0.10222230158678312	0.629330289221946	0.6259005036684756	-0.7629045288764996	0.06709739877036938	-0.44916461286097353	0.9722899054390922	-0.4377128855491852	-0.6611107201221497	-0.8930486379135725	0.17494612994077394	-0.5731429997606003	1.6695694382028725	-0.45699707849122834	1.2684820288156955	-0.37890988211702364	-0.8869863065138373	1.2784877910454262
GPR12	Coupled	-	-	-	Class A Orphans	classA	4.9468777668294095	8.777863144724119	-2.472402386936664	-3.710195373557228	-1.973129444194746	1.1506463842190324	0.7336406107059439	-0.3685026392563811	1.5220180492207533	-0.15717511032335665	-2.9527348833296245	2.037153652114963	-0.34646276794023245	0.8002814344107382	1.572691555695761	3.048723079608955	1.1469952719430374	-1.1136140075157317	-2.0637782009414303	-0.7118582552924163	-2.8464642948086514	-1.4715641792514635	0.6946209472441913	1.598958987732689	0.5107720919521839	-0.3133190167683961	1.5081944546616883	0.8563381676901964	-0.02577020283817719	-0.517458598150721	-1.3925381312495069	0.42689575911647487	-0.07425260912188197	-1.9109985968996432	-0.36263775253627906	-2.335798076896913	0.30205699723023127	0.6982817843723018	0.14819684069508568	0.9278773507051554	-0.5017589524530156	0.07869242836710895	-0.33559273092412273	-1.0770617709716925	-1.942129168779523	-1.289713769844829	-0.7561515858174417	0.5542600749385016	2.186111650195943	-0.007122374434195394	0.3737406121932238	0.47121963565995534	-0.8971266799020126	-0.07693660360717804	-0.984241990363827	1.162977958144147	1.1111442495186967
SUCNR1	Coupled	-	-	-	Succinate receptor	classA	-9.302668612674555	5.890081848176766	-2.4677185356813665	-1.9882154032807575	-2.528249977947791	1.9754948280505387	-0.37905141661590613	-2.7132061925928537	1.9819289603225418	-0.9975879325693487	1.2733032637534567	2.244707789306206	-1.8391026780279938	-1.3468202051405853	2.724228450602974	-1.3473218638278024	0.04167341262204181	1.753943992462968	-0.6049970076260742	-1.096264646918203	0.05204958955271444	-0.1190164544598205	1.1630248590211463	1.5950500601381825	3.045050823288405	-0.950653635727476	-0.032244248191826426	4.03813781019664	1.171286759847832	-0.4184615683393337	0.38326261028852776	-0.6800017724257089	0.6002373058288	0.2873293838919375	1.4831226371028272	0.12521843437695374	-0.26934423840096205	0.3938014033727235	0.6330221296207516	2.331538673856331	0.9982166591120541	-0.23746866788866636	-1.3932744192510356	0.2404851118872271	0.5126616681629257	0.8602708545400283	0.9609706539219912	-0.8660299538754063	1.6424835080748568	0.7782249095345322	0.26955404731934807	-0.2846084502868881	0.08966507417358192	-0.6273831994142226	0.054549920051288524	1.1591122344713432	0.3840218396012399
GPR33	Coupled	-	-	-	Class A Orphans	classA	41.26745429333507	5.640555467967172	-8.491650080286346	1.5619846787688247	-1.2425551667863342	1.7634067982484507	1.2814066930232628	1.6233676138776512	-0.27840174317794103	-0.6794252715700414	-2.9239128102707985	1.6719073312938921	-1.0487494805072672	-2.1155658939797544	2.454608254019479	-0.3316560372734829	-0.35019884146955643	-1.109015542392425	-0.2556595146732679	-1.4529691993519063	-1.1103520334040844	1.3365860625677788	3.275569656378931	0.7072251634876662	0.47121717305912886	-1.3441389167941347	0.1838998593435963	-1.5373198569803934	-0.2765140408935646	-1.0468391037992373	-2.0000442515274477	-0.1828415004419255	1.4529699195728818	-1.9263476320056525	0.03891424126477705	-0.243545432208808	0.929655391262564	-0.6829883907779849	-0.2818164538837004	0.0912282573398836	-1.5374994414282712	-1.2216457930454852	-0.39344846419869756	-0.2785496490965858	-2.021042260627538	-0.3897254754458863	0.23229933233214659	0.0859699439903277	0.5825729009986642	0.8278808149795233	-0.20112150259383205	-1.2201659201486394	0.49396446428383506	-0.413349033535181	-1.4367140633845363	-0.4284443751920546	0.24731781028698954
GPR146	-	-	-	-	NA	classA	-22.454028173344575	-0.5889166952529375	-2.1130810678137135	0.005900556220960777	-2.7794302562874167	2.6114523732840045	1.1518598253774068	-1.1148895286601264	-1.6388265146538363	-1.3072858160052014	-2.0820069526865033	-1.4340153952774575	1.939048803909303	-1.9631976383845386	-1.4917942240396285	0.715174344012834	0.47876145865011116	1.6305691449901007	-0.5052740825225658	0.1496432150768221	-0.4569158445337176	-0.9638328238876208	2.2972830290938213	0.2349918505300366	-1.2537182199538026	-1.474663191323808	1.0593309214223312	-1.7958152035681556	0.6562939490371736	-0.5557190982035422	-0.4488681967365683	3.635200115872192	0.6898381612450952	0.8173292556196355	0.8049542823273913	-1.781994447329494	0.03140394431059006	-0.43589763516863234	0.01574507486477462	-0.9850701805778705	-0.7871968718246056	0.6457631908868787	-0.6930489734073748	-1.1777115110337275	-0.6312101774964185	-0.3977884429447455	0.011747325105707517	-0.115515930707759	-0.7274696308639643	-0.23701385726512797	-0.301851888166955	-0.5683391593217136	0.08009655931478296	1.6056362222581229	-0.2933509558360298	0.3198873257197352	-0.1749331372517306
NPBWR2	Coupled	-	-	-	Neuropeptide W/neuropeptide B receptors	classA	-11.58309648702654	3.878516141147943	-0.364938687368615	-4.735369128627247	-3.8177501674522047	-0.8237819413549975	-0.6095593966090498	-0.338476499716069	2.445800919876241	1.47678756435869	0.26756343114011677	1.3002853399141425	-1.3846358193961166	-0.429447971910831	0.657612614914431	2.599724980884876	-0.9623365482539857	-1.095616041697767	-0.6127802197480292	0.7619497631380977	0.18482683916728854	-0.7088776434965003	0.39014575163779797	0.2796583790678414	1.8684062410056754	0.7565725593137399	-0.29308005377438967	-0.9986622759988666	0.20459305382388554	1.9678947483817564	0.39703277223727196	-0.7795032788690623	-0.4191139089227884	-0.6496772207335004	-0.018418428892480923	1.0059571892970027	-0.1817866684833644	0.7722616283181736	-1.1282888967671372	-0.3012160550017682	0.14082618594990273	0.3168793139830565	-0.581196464696566	-0.9461305787254533	-0.9028068556862539	-0.6208733327507902	1.3838529832883328	-0.005908066211377553	0.04384226372334854	-0.43762892775876805	1.1299772899708402	0.6244085646092757	0.8763192637865019	1.0146416240659615	-0.10523003112640657	-1.138843308731381	0.6090600008133039
GPR174	-	-	-	-	NA	classA	-21.983884917430224	3.1357243426549113	-0.9449292313846138	0.2996330603650949	-5.002202362481998	-1.8781896308777888	1.9602103423876653	-0.8554983251649455	-1.6753788642500393	2.5439718659750845	0.3185472914475133	-1.7366364622382287	-1.3513074427835108	1.2504267831734885	2.9880579673927596	0.5441852971025656	-1.3972272452630603	-0.42496654712876825	0.6827291456906667	2.374563471886212	-2.284486750677512	0.7780495469500173	-1.6914404715192357	0.04794124119924748	-1.294755651227728	-1.0549825996963402	0.8734728059188223	0.33102227896141917	0.013380766636421926	0.2567194712671431	-0.7032838245576513	0.3446804944607977	1.6325793556644286	0.9457664894034589	0.0778576134752096	0.8460169912417613	1.1830832451119648	-0.3765223576257415	0.808099395688645	0.39816391399847967	0.2059232884939257	-0.35618453685582774	-0.4409882270745487	-0.053455356159562345	0.6101379352506331	-0.328242760181292	-1.4291636027194157	1.5536354679577005	0.3093143122824722	0.03430292970235024	-0.3034357402785838	0.4518000447704846	0.3392936535379588	0.978174704799854	-0.6960321847559563	1.0456993949439373	-0.7371605841038081
XCR1	Coupled	-	-	-	Chemokine receptors	classA	5.688023199038781	5.003836874418201	-3.1185623893659575	-4.882003351682757	-1.5271681397773298	4.246282006349951	3.8488019853537234	1.107795658299217	-4.860158934221179	0.7256019347476688	-0.2718887342250732	-2.489397587443556	0.3765974400280579	-0.4042348853093073	-3.146657217527161	1.8680423799140495	-0.48275982950022606	1.267172833465289	0.2831615523147782	0.14180758139126415	-2.480628146803534	2.5150578116013667	1.8118678586490788	-0.9740219658618496	0.5980996386065728	1.3342800420671082	1.5316530448392467	1.5277555653709933	0.08359969624524409	0.711356004763036	1.1602724171669443	0.6120409798158949	-0.15717440290675833	0.14438108983853415	-2.4111400663331204	-1.3948460960786533	0.7187919300037309	-0.6194923114487869	-0.049593517525097434	0.7227628513551848	0.08197718528835628	0.40992305003615104	-0.7781343740821252	-0.9232460056148942	0.7120627235812994	0.8356561528392737	0.2824230091446752	0.8778922202299273	-0.06939158307517945	-1.4698205009721768	0.3850781235192799	-0.24739439961979073	0.28047991053993515	-0.7477906331584749	0.23444855582580124	-0.018101172933211795	-0.6706115747249056
MC4R	Not-coupled	-	Not-coupled	-	Melanocortin receptors	classA	-13.639994027993271	1.601740567602098	0.6607099815939932	-1.8164725626350284	1.1632136370830155	1.7766574869903164	0.8725550130974824	2.503847850888528	-4.040644538947476	-0.49258431519987944	-0.9108071227852963	1.129319442587891	0.8495174767261197	-0.8442294391133897	-2.0682322359670895	0.7716240546153157	0.11851907680599796	-1.1132817385684295	0.25167998762952415	-2.3472574516210867	-1.6984929374768805	-0.397433728222034	-0.41171638607038247	-0.674705603748488	-1.8971187316341573	1.9224209095415583	-0.12613724686228542	-1.65826308935065	-2.595117859941556	1.3014806205304121	-1.0328895231675435	-1.7826351727420222	-0.1344745749848974	-1.4240067386904114	-0.5281202580116452	0.9316649268429259	-0.0732432283946467	-1.3133054184749706	-0.05213505219675629	1.142396637237098	0.49973488099961566	-0.56199117149129	0.2849441886853839	-0.9621953698985093	0.13595793965198638	0.18019579150406026	-0.058939618386317505	0.18938816845654843	0.2796185901821738	-0.04614128386236549	0.6425005458561331	0.37122423338905003	1.1776024644732253	1.4180369612407884	-0.40642557332250845	1.4496405096790157	0.7154952154133547
ADORA2B	Not-coupled	-	Not-coupled	-	Adenosine receptors	classA	-28.21832756858084	3.752729715658658	1.342456619039744	-3.850993675806678	-3.2790174712571334	-0.11458335115730145	-1.6894657090320986	0.9108209862750881	3.5506486466157985	-0.29293250750765043	2.624228121327108	-0.005690868071836425	-0.617363345876451	-0.7869602674794625	-0.9192307689967237	1.763123204930155	0.4090066835770405	0.6806221838582333	-0.08083303219657725	-0.5628337582256602	1.8714234118130972	0.06990205806295705	1.1070919196538633	1.7848320660009556	0.3939393995510127	-1.0586197532123225	-0.5501099418829459	3.8495089533139777	1.761579451725235	0.1247498995836776	-0.10672461029923239	-0.3114043701608406	-0.6254057410089698	-1.440179066405605	-0.12668898835813933	-0.3056965359952701	1.192625041367208	-0.892497900074781	-1.2083963531000725	-0.29036638794511865	0.07023384502322702	-0.7572972396767493	-0.7217105230306495	-0.2501577036284603	0.7432963130942508	0.1255791777336693	1.1699813484461654	-1.2585574186521273	0.14689290422696064	-0.9533992427878814	1.7655531957515058	-0.5383351784630362	0.15211282030357165	0.7325850573568786	0.7113954971902702	-1.6294651713676465	-0.02269632088936428
GPR18	Coupled	-	-	-	GPR18, GPR55 and GPR119	classA	-11.221464729437809	1.8407218931570186	-4.086693492767546	0.14422135109607695	-6.093954436386236	0.561181602029749	1.7426233257528625	-1.395315213149626	-1.8106910641057365	3.853830005220651	3.622507575839701	-2.8927848848748123	3.4302736404931693	0.5655572280863274	1.1778108855652596	-0.749452187607135	-2.108775615853772	1.5025950544469715	2.5518250127294015	1.5072051448305828	0.49717870907483164	-0.9950076450580797	-1.7589602601350118	-1.8317340170617236	0.3501373775257103	-1.4127298395340429	-2.273573511386644	0.6997458382478919	-1.5796723601689142	2.5558793946598475	-0.7114592966666814	-0.8484362927221554	-0.5535271706313459	-0.7193321838130988	0.49754982686398314	-0.3293877690641062	0.27368022539278186	0.9578470227488196	-0.21122275537007337	0.9948895280445198	-0.40310108561281177	0.20483283161334592	0.41570676966103165	-0.8845668469548926	0.16272025661229744	0.38783640263783936	-0.6142164978587622	-0.6790595249993496	0.3721117291816513	0.6594788705889533	-0.7189350073301719	-0.15701740305918194	-7.206158402428108e-05	-0.14596815111933156	-0.18014002167089324	1.100401833777658	-0.2614233096446288
MRGPRX2	Coupled	-	-	-	Class A Orphans	classA	-19.57957653057233	1.6981684043988132	-0.13645535867591815	0.8109710645915811	-0.3783785280265945	-0.4952257049877809	-2.381583167239326	0.4369825641169753	2.36001831550096	0.9989796090436472	2.374340229086933	4.594319527573275	1.538337840923207	-0.7715952845298188	-0.2542230150704539	-0.2520931646687184	-0.440558467763678	0.9268401062462289	-1.8490840688364238	-1.0124808687304796	0.49146838200148896	-0.1856855580898482	-2.099966466163022	-0.004238996947016086	0.7643155878382438	-0.5171066790567318	-0.3449866886060506	0.21188680232283028	0.03091883065153969	1.084194342983706	-0.30708510840588055	-0.13835948529915018	-0.24305127448104671	0.20567416759705293	0.45334444025596976	-1.0485343489702132	-1.023460638729075	0.6859131689009256	0.8978140538862316	0.1941653749029451	0.6244521085210597	1.232595027402142	-0.2815735318721987	-1.5188148472601914	0.1694497273182031	-0.517417952682352	0.9431208811593009	0.07573413633384093	-1.1009232640442266	0.30990424517114146	-0.5927768691618078	0.19358023814913464	1.084752536130636	-0.25914140833764515	-0.14639628999717802	0.38666010643607435	0.1326249258259316
FFAR2	Coupled	-	Not-coupled	-	Free fatty acid receptors	classA	18.012011379272572	2.7341485225239017	-5.57302204700516	0.7875234230932914	0.12635782213731822	3.4869132265348792	1.8707827904915664	4.727680443249437	-5.547050392385308	-1.917951954158642	-1.625641136149318	1.1400982841513891	2.3056885438625607	-0.21487569252194152	-2.0658230694734137	-0.5256935951162054	-1.5521667434326256	-0.8419120624683869	0.15958331831540992	0.023445709728466	-0.830932070375739	2.6334541795918014	0.46003651197363443	0.24270494526089123	0.6182275268933137	-1.6561199229787085	-0.12303147157436935	0.262282102807281	1.5366062140945425	0.4866466546561958	-2.558211357330106	0.2593617147127992	-0.5395699138579723	-0.9508824686995767	-0.6541235762748318	0.6155585506679764	-1.4511666779986885	-0.9026001525144655	0.7304593638990232	-0.6639126662579413	0.31041662217789906	0.7644777537861084	-1.646548466111163	-0.5999790483255131	0.2896652311307104	-0.6060595322049347	-1.0080140326543234	-1.0157907381029776	-1.4232474807977689	0.49999111895771736	-0.20135101961471688	1.695537021982505	0.08587592625124504	1.115905429596514	-0.35737678625798175	-1.4145946709143828	0.8111183932478604
GPR3	Not-coupled	-	-	-	Class A Orphans	classA	39.07633503982507	2.4959433391817174	-9.455497908172989	5.510480645896211	-2.2128907578419774	1.118255602705788	-1.3746095843294266	6.386737836870196	1.3613497650754987	-0.07616638605735078	0.934361473114897	-0.3307201571359531	0.27254039613494097	-0.9529715772900804	4.186062495783736	-0.49477267506693123	0.4919338406055367	0.5583581634735619	0.34954317329261736	-2.1937992390014527	1.7064891293948554	-0.9102675889387493	1.289202490583649	1.8331207607129363	-1.3485524599635497	0.08223898583775298	1.0735090528605364	2.1081516571608296	-1.331203745427349	-2.0072913336315987	1.0135191016024427	2.618213124424639	-1.26320906171992	-0.3863278455070716	-1.562011217262061	-0.6888954674001	-0.28648901521936176	-0.8147260468317755	1.0666846068813272	-0.5409587389041514	-1.0617568094357146	-0.7922822325416433	1.6806322117369332	-0.5913506170072054	0.25966134575294525	-1.9706705386617525	0.053775240093038953	-0.8601378587390718	1.6687820652752716	0.28958251216941283	-1.3465065253203325	-0.6903449925976413	0.46053305884866313	-0.7335182715693122	-0.5056013720815838	-2.072126668277046	-0.29674082323963424
GPBAR1	Not-coupled	-	Not-coupled	-	Bile acid receptor	classA	-18.716408187161232	1.5590271110981382	-2.206873556842889	2.141837750169427	-3.3859316466489378	0.2664271986926586	-2.768334661280692	0.9312482491589993	2.8976455876689533	-1.0319459787464809	0.8506293997436887	3.163179710519707	-0.21076657780596791	-1.9989148200332576	-1.124907797344597	0.8292830807896818	-0.30386741730470107	0.3212019747746173	0.5618845331705555	-0.7520271979771737	1.3770267641500076	-3.0414815172027057	-0.5407028889839988	0.998445428911948	-0.8933781369471792	2.030489621718499	-0.2558030537434298	-1.1353164681342325	-1.5149085883341151	0.1281857058954488	-0.8463828975581454	2.0215963464136593	1.3741245843330314	-0.09061957441118414	-1.4203456535216628	-1.7303777394443127	1.6767670804614276	-0.9070957397031145	-0.22936386753522592	-1.5897980812115857	0.6554451150101648	0.36131590906750666	-0.719968293094363	-0.2655709614802999	-0.7237254788095836	-0.5292629065726343	-1.2397385189553478	0.3443774908746915	-0.2258653270061557	-0.4262893062394799	0.4365837991804541	0.4630905293234855	0.7653128816466912	1.3538225080300053	1.019772262254239	-0.9601168938072301	0.0021466155634827736
P2RY6	Not-coupled	-	-	-	P2Y receptors	classA	-6.926835761881647	1.763518242994815	-0.10663583721339438	0.01448897298506334	0.07800717153338174	-1.6242887763268343	-0.34157410340081196	0.6941689791107992	-1.6119055381351028	-0.7552605757290916	-2.7544699476410885	4.110507509709151	-1.3513402559853995	-4.643324590219727	2.9243931094021547	-0.2725341401405177	1.158917446162498	-0.2223475936928237	-0.4237405245424953	2.426117999903654	-0.8956859838451091	0.6736667652995435	0.022758170713048774	0.2794786245224025	-0.4912658438544348	0.6762866034140393	0.2449687036376985	2.539617574032593	-1.4851074652285112	-0.3722930047543466	3.8421726134114613	-0.03463961550485843	1.0538280343871906	1.0097061254172495	1.3307602159679657	-1.8939453061593428	-0.1615472844752618	0.13699313013108189	-0.5519920837711365	0.3301981735813836	-1.3074231279322897	-1.4525128708851662	-0.6722975304290509	0.5073431039663636	2.157716162399008	1.564406276356472	-0.9991522695047389	-1.3666638680613572	-0.5860191289892797	-0.535370158773343	0.5142817833334975	-0.7843970179771307	-0.3324372448176076	0.7848760305235116	-0.9240661063255218	1.3903572366910186	0.6718737206375512
GNRHR	Coupled	-	Not-coupled	-	Gonadotrophin-releasing hormone receptors	classA	-21.745452726398153	2.1576462438444377	-3.342512590726909	-1.1094620120575844	-3.2026786764107493	4.466730493346313	0.7475086892842218	-0.08550999774347166	0.835757653261192	-3.8962908924786066	-1.1924674576109537	-1.0653941036542407	0.02510023452145001	0.7049040041633218	-1.1921055761585575	-0.3537021109552693	-0.18699152629379	2.233124070667188	-0.7704620940120125	1.883668898846391	-0.07439804087948931	-0.10575085113760258	2.7097187337400697	2.718013092025723	-0.9886213071754049	-1.2419138509102814	0.8959788153019512	-1.346387517631927	-0.585763750944759	-0.5247375535665988	-0.5928111777713466	1.953919536029149	0.9268984468051513	0.049192148474385675	-0.18276911790479053	0.5938205608298484	1.2797284385128616	0.3939459955816205	-1.29818549449704	-0.19266434372584365	0.5598153942189877	0.7369675697003554	-0.11423381381244288	-0.88338065098933	-0.20967742372129458	-0.21333556252460573	-0.37832492687584734	-1.4426462554239377	-0.13208258825595443	0.7003508321921105	-1.7827558573870403	-0.30368307528155886	-0.3512591601922694	0.6295560266853144	-0.18752186874976579	1.7802737054297004	-0.766181629389583
NPBWR1	Coupled	-	-	-	Neuropeptide W/neuropeptide B receptors	classA	-18.615816902398308	1.8181088571969855	-0.8731634822524211	-2.1297090988066043	-0.3815332384613834	1.2942940741040014	-0.28427920923418387	0.6684469088365568	-1.363815482716478	-0.9706770113230361	-0.036393371152357266	-2.206256336245946	2.9679155510684727	-1.0490344205246591	0.6178097223614213	1.6105124175240517	-1.4994069227188285	-0.5943639377684669	-2.397796322340181	-1.9948626070099746	0.8959530390605513	-0.4796927687914254	0.015762967998616685	3.2519948534916794	-0.9387963812685397	1.4616035562779017	0.8476630017585867	-0.13581151189213828	-3.0876447504783164	1.5655467361082676	-0.44006725760704224	-0.6846953722182024	-1.1806908786147685	0.16405505227139372	0.7151043121221545	1.025816082053817	0.4844929297282302	-1.5036116221144793	-0.2839543364219935	0.6386502607215133	1.196790823050439	0.045701583450197265	0.8103594856570261	-0.11411383992427968	0.022034699064953284	1.7182653467658746	0.019331118007461557	0.6178051489338889	0.8770916267858985	1.5877181319283622	0.31903669524520206	2.446615215299424	-0.8020942375414268	0.6226777663746518	-0.6356241845339868	1.4026975057126678	0.4679769351380152
ADORA1	Coupled	-	Coupled	-	Adenosine receptors	classA	-10.411632293988253	3.650166655165523	-1.7804907980844176	-2.7984950420239114	-2.7894697264819808	3.386219443632092	3.1201485438313075	1.8568290918636663	-5.087260297858888	1.5795254119421736	-0.2233376107988413	-3.02277461858416	0.06034145591854305	-1.1689051324476118	-3.396042925822822	2.6221480388516927	-1.5757590934178944	0.9695377382941724	-0.13747176140377287	-0.4032413073015757	-1.6687198470502205	2.3678674413138157	0.30201843638410947	1.44696825352493	0.9204055803497627	1.0724869568222501	1.5103470390920823	0.7788191783667161	0.5400784426536986	0.5021910219232084	1.9738786202901644	-0.24723645906243027	-0.024541485648775334	0.8013646361373072	-1.2749976867907489	-1.0444116127370122	0.7077789788205416	-0.8266935147850775	-0.42349145371280555	1.3685145646339105	-0.33863686506130125	-0.14694276828467281	-1.0624781506856034	0.05445500005406541	0.6765953531546762	0.5024344796665978	-0.18303638228120195	0.4745599036479135	-0.5167295566786888	-1.539874634341311	-0.12738327081209225	0.026923355742122724	-0.12957619240327484	-0.3304089532390664	0.49551157222206027	0.08013848300689042	-0.8872541918348342
MC5R	Not-coupled	-	-	-	Melanocortin receptors	classA	-24.929443737567293	2.002512570312117	2.140471518667349	-2.591571043647665	-1.8357787145775821	-1.149080311934602	-0.07578665527045106	-0.13326998036810134	0.19683167020113565	1.8357086053361142	4.160841114746926	2.7375724382128794	0.2662024512191211	0.7234146681803791	-1.8136901274061696	0.001106665417706685	-0.4624106355747084	2.8286763927760177	0.3742216711152069	-0.4952276614732284	0.39338892491796557	0.6548587965212539	0.2072690709483024	-0.23023227644779137	1.54844186794491	-1.2039380674391098	0.3697479744544155	1.8512385186044815	0.5175012768239824	2.0272524544266246	-1.0374941303428056	-0.49320670520076704	0.5738493123046078	-0.5375791152616218	0.4052399301480612	0.39348331411638715	-0.34786384577834734	0.49301042386827737	-0.22798970555842865	1.8214147919055068	0.7696836216612004	-1.2627738471121903	0.26204790456239996	0.5113598265827952	-1.1390308513477916	0.4384475048903628	1.34343642114925	0.20242978124940036	0.5416430310025437	1.499269904167458	-0.7592138941926275	-0.5644730867062843	0.8215805839617835	-0.5530714063635517	-1.1244590289329828	-0.6424740871749126	0.8858108176669546
MAS1	Coupled	-	-	-	Class A Orphans	classA	-10.820075504107384	2.923866497412226	0.2877701628835754	-3.478790277931685	-2.726885846848886	1.7987624904747834	3.42024871385574	3.259586886920468	-5.232594633852464	1.8934989214491549	-0.7544093968712057	-1.5932073819574688	0.122446925807416	-0.09774220050138072	-3.2188584510157305	2.8360561310173362	-1.102117022315351	1.2786743012040458	1.6988217424577416	1.3542432930492114	-0.8797338424930131	2.739439403144367	1.1688173550770906	0.9007832157681077	-0.01697761757675464	1.1968664883750442	0.8655717329402531	-0.1719610315598609	-0.0031921056086998854	0.4855651155336018	0.8063528529627972	-0.589532470339457	-0.44790861942171106	-0.03530956371302517	-1.006161552691827	-1.0961539543648207	0.5781198656964428	-0.47771801259133545	-0.62328753399507	0.9362283440005825	0.5006236094648107	-0.723272463676779	-1.4219231186370695	-1.667797086508785	2.155265581706834	0.40011875015199266	0.04517867739399382	-0.3619550164169856	-0.6607483138630688	-1.0662385776973209	0.3377361437871075	-0.09080154393830626	0.11706841945854579	-1.0088176285624297	-0.14546006300351816	0.5661421775464628	-0.6194205038452525
MC3R	Not-coupled	-	Not-coupled	-	Melanocortin receptors	classA	-20.780187997038837	0.49679228386983104	-1.5378711514007635	0.5197077092946829	-4.99585163071644	-1.292710315174874	0.8403277875730802	-1.7068837083748296	-1.245422618044517	4.84014214503081	5.634755467076795	-0.5189499645183044	2.040182229918505	-0.18266879906431355	-0.8207148092221824	-0.3360357618341504	-2.1061053989804495	2.0531739042198476	1.0746381989513774	-0.21598165491650737	1.82655307996584	-0.5558079414696687	-1.5234668128523055	-1.227404738522121	0.5309075605545405	-2.092447249861974	-1.4003810237409595	1.4089543432482443	-1.387508119327106	1.0715849608712973	-0.29714869657781995	0.7660249731770838	0.540068325319482	-0.6824862109415613	-0.04081410677749793	-0.5593072312582512	-0.35653399649376055	1.1502863706135136	0.3567173623170202	0.502851862112718	-0.4366182743307942	0.1472155997133162	0.3107381954164129	-0.0862152267157502	-0.008342044973808756	0.41897012790903077	-1.1998746213076137	0.13377419690512063	1.1876784741542568	0.09172242411283114	-0.39503340225336947	0.40145437000563566	-0.5571592313557666	-0.2708496243868807	-0.10339054263985965	0.5955475336882151	0.08991594278567126
MRGPRX4	Not-coupled	-	-	-	Class A Orphans	classA	-17.318430517667135	0.838968575502869	-1.4283831612821127	0.24169514775439593	-4.5530833864077245	-1.5247233688006179	0.5943457912352518	0.3060915702463638	-1.2123325711106032	3.753394717673851	6.005885392983011	0.5249638803742276	1.7844617077851614	0.37960228160202186	-0.3990672868415498	-1.1641122513925177	-2.712149576613828	2.55759926892149	1.004886582715492	0.5431894045215386	1.272889991060312	-0.7664758008950086	-1.5117854722513453	-1.3080835607009162	0.5869354187559044	-1.6950757278575328	-1.222774280151796	1.2321023001625782	-1.8435442538801352	1.5654912370472225	0.6462169058662973	0.31493634272238213	1.0743014968647664	-0.10015163788438246	-0.3546216178378815	-1.0224514785967276	-0.30092904461499764	1.363742602309038	0.6618012996914568	0.10789606398321956	0.5165964996702849	-0.05931533957740729	0.2190168881594542	-0.10990765405373344	0.03173001678212054	-0.042226330329565194	-0.7437639509526116	0.5810315575644311	0.9347058447870052	-0.18988389006111245	-0.3461042316800715	-0.2568950830930623	-1.261393580457772	-0.27356638335519684	-0.5969092331096809	1.5618254818541666	-0.3719711802696836
MRGPRX3	Not-coupled	-	-	-	Class A Orphans	classA	-22.04368904192933	1.8385492240440706	-1.8105103882535356	0.6777989447245525	-5.940179102782249	-0.5765408477689327	1.1773328562270793	-0.9125391551845012	-1.5727877378837622	3.207343020402752	5.382238228329202	0.18673767788805604	2.093228166302928	1.3666308523626856	0.5348891837486537	-0.5644104388134571	-2.9843661101471217	3.026072093838247	1.2776605918425739	-0.028241012283228787	1.856680671283421	0.5434363990308634	-1.9598590123751607	-1.313746219315144	0.3795184425871994	-2.0306456627626277	-0.7892602190467065	0.9113325190254681	-2.0688702167864936	1.8200354563945793	-0.13362693426267433	-0.5384236081915278	0.12945832108076985	-0.8523372134882081	-0.19602802308062692	0.2871961733052029	0.6176413832391359	1.1427857600308815	0.4265263761441979	0.6671592287761804	0.30023502988960393	0.024625489918250816	0.9200226621118329	-0.296728205849928	0.2462403458530292	0.0032167843404083	-0.6956734409896386	-0.1009746337088531	0.19604079251825207	-0.24328755718730455	-0.02572198735327499	-0.20107463320813446	-0.3940548877410456	0.03222503456451449	-0.34860475183739087	1.2706042243611564	-0.09595332377951327
MRGPRX1	Not-coupled	-	-	-	Class A Orphans	classA	-21.689865718996117	-0.8265083082559332	-3.4268931147787938	1.0979324098473777	-3.892356076855872	0.4744427330588337	0.676078832345479	-1.61327142687854	0.7269639818277291	2.281267739822544	5.940844525875519	-2.3720187725573014	0.055440129863034884	-1.6083794780882135	0.9108293032741425	-2.470872819323192	-3.4210786621712397	1.5023453313839665	1.707649572694044	-0.0370713979398489	1.5399341351179507	0.23802471692158475	-0.5052249864008743	-0.7032687134412735	1.585239080805707	-0.9178916716678187	-1.4045992968211192	0.8566057194749724	-0.19359155995144192	-0.8718230782169357	0.17155721821853137	0.20306108247203616	3.7377270129219586	-0.822378326456721	0.18662141545575692	0.05484124558318981	0.5503762610591468	0.5066159653436155	-0.33952795517587286	2.2573720137172897	-1.11838592888207	0.8693462827739951	0.39762302363603386	-0.1642777898694141	-0.3453423670431697	0.44640722793261334	-0.34690978650731175	-0.23163152902252868	1.6268819113625774	0.406023343175054	-0.2471774545801083	-0.8014595055028376	0.7601517397378941	0.6453463060342878	0.4265001170650798	-0.5235839672153325	0.7694145124050971
MRGPRD	Coupled	-	-	-	Class A Orphans	classA	-17.376091038554016	1.2228744596720256	-4.373349340642004	5.703828485361706	-6.090227721240153	-0.06711368038333893	-0.5555190381788503	-0.622904210973334	-0.42663555793760705	1.092771140990274	2.379167166770886	-1.3877110484850905	-1.107162843495987	-2.6937421593747812	1.0623872669778847	1.7692235260365379	-2.0959470054762965	-0.7515020653832413	-0.6440961306768191	-0.8197240989211223	0.8414844906505216	-0.23842748426437765	-0.952430756158105	0.3037984494903281	-1.9993581790237271	0.6411406148551809	-0.5865672948722132	-1.5157285510390035	-0.743499598636427	-0.7443092294876744	0.3243013425096444	-0.202089578476233	-1.0295562669332379	-1.3321527746950628	0.3104852298754124	1.4654379778683955	1.205002544435895	-0.19461079722646685	0.2567329593616853	1.6256305714558896	0.7486887853142165	0.02849048422223373	0.20699607749352705	-1.4430556905097214	0.8532839200663593	0.0011542415629325054	-1.7860237075138508	0.09039162507247843	-0.06002131911988559	-0.9081503008591318	1.1347367988518975	1.7800877223082843	-0.5756345193175766	0.6115858848640122	-1.4306026360316777	0.16714659551391933	-1.0003718446117873
GPR31	Coupled	-	-	-	Class A Orphans	classA	-11.147769128595627	4.870369711766953	0.9883502716347171	-0.2298785162824908	-2.7996859814613355	-2.0906006048676873	-0.611527569567944	0.41909098482046175	-0.39835638386509986	2.2576593048803972	0.41297752089129286	5.6855463247622176	-1.501154151311394	-1.3852388778836673	-1.0292332193443794	1.7622478422846528	0.443600589416425	-0.2851259116075525	0.8144836346299796	0.8644267877552466	-0.6422433258721387	-0.577245980430257	0.03394712254183014	0.9220737558891281	0.39362358545154397	0.066702092372726	-2.373681132219673	0.2010044373586823	0.26456022118900835	-0.42224571631234153	0.6226432776000898	-0.4149346563303661	-0.5386949570664901	0.3368774511812076	2.1603617857257817	0.8771274168075398	-0.7068100418715422	1.2821594335729851	0.4439987105462329	0.7366361469453259	0.8173429457557202	-0.4689351140253258	-0.14739556921723004	-0.5232595511458261	-0.2743962513484029	0.06082776569904856	-1.2085406738619826	0.5767268939325935	0.17144316787783573	0.29716710847206085	1.2911857327689504	-0.9231878640877154	-0.14485743307083074	0.1411729093700453	1.8435229162844324	0.12870524737229516	-0.34634566256221166
GPR55	Not-coupled	-	-	-	GPR18, GPR55 and GPR119	classA	-3.0981517503318607	6.029878266872743	-1.6221040537597406	-3.3977205704226883	-2.684354132538242	-0.6086465873957311	0.0885897060896657	0.27722207729671683	3.9737440102692663	0.3768058282272864	0.9076515796287856	0.06622149742540709	-2.7709439970329477	-2.2731619072577054	-0.42719008096734146	2.9191802481909614	1.9194377450672722	-0.7036059388511524	-2.0395918455254622	0.028188208485215308	2.463923314856118	-0.23534605610457537	2.6219782203407616	1.835401429321265	-0.44350342582648256	1.0814966086787787	-1.526428843942268	0.2474475208479366	-0.8617145806516462	0.21197436484028645	-0.20254364661523822	-1.2958965971078118	0.13820605634774516	0.6471206010724946	0.8059458837658457	0.8818919746239223	-1.5307411408232794	-0.6322208015156923	0.1569293272051852	0.10598051539911364	-0.47135967625670966	0.49223004124314923	0.39276203662560266	0.29127289938711926	-1.0186978199462047	1.2043382691529936	-0.21801193837877825	-1.301659590998118	0.14586371971454967	-0.12405325978800906	-0.2686935631068071	-0.2536143220596074	-1.2668125063107576	-0.22246347339707925	-0.6462727529759048	-0.4851396061869429	0.5235481734615031
GPR171	-	-	-	-	NA	classA	-15.88318520321557	5.563935107485807	0.6739113017999568	-2.904427443061319	-0.8487976440809663	2.623667342266033	1.723583965245902	2.11237029204221	-3.7255833880328306	-0.465697384439422	1.1351480454579013	-2.095560186405504	1.926859149808902	0.3791398809677099	-0.5999117457831461	3.216379466888799	-1.7356157278388888	-0.45650365035128915	-1.5189683839150627	-0.8809508606874255	2.1082192056672544	1.2173434070651037	0.6456643795847992	1.7076231487432494	0.1339105941754638	0.3907357060658763	1.5221379304616467	2.0516583567963655	-0.33493612917350607	-0.32082659986852924	-0.304523252631747	-0.12609694941829644	-0.19091859487131077	0.5702044389679289	0.995438138226059	1.8393415580660655	-0.5782679649393692	-1.839810908753978	0.2582433661563697	1.3612041634017484	0.05565165413023368	0.45773471433643764	2.054952198739192	0.6854261502650039	0.1481153943971036	0.4370556564376208	-0.21641882944370597	-0.31220024405381736	1.0189354134509614	0.7475262793136815	0.7057537942547588	1.5341331738474442	-0.14144905158901805	-0.8418443626527776	0.5439733885813961	0.8228444491566356	-0.4469219394534119
ADORA3	Coupled	-	Coupled	-	Adenosine receptors	classA	6.273967618434512	4.8920340917872664	-4.638349427643683	-0.64457049291763	-3.248296073360451	4.182467898687946	4.094586609233129	2.9458061198483416	-5.768005340991334	1.3158030102869558	-1.5720139876078045	-1.4024576576070111	1.3540647003814612	-0.4605167385412245	-2.8771351275368113	1.5312779671526242	-0.4086063162178978	1.8331715629194736	-2.277498105545333	0.7399698016649986	-2.5300163751456317	2.6625992402313776	-0.687330498802375	2.1143829079431566	-0.34971913801447135	0.7197743477293902	1.1205026972097576	-0.16181656715850393	-0.2312517131451625	0.21999990122640356	1.1457394233844782	0.3554304342572045	-0.207319504547534	1.0454267365055496	-1.061514909532121	0.07191956393572989	1.0012828674716734	-1.1687605826545298	-0.6126312700785717	0.8899751573443954	0.8873390236242624	-1.0641335937938874	0.1446442575267399	-0.027334199496155086	1.6807763245167353	0.6201086339615015	0.3810271532933283	-0.9390674472250948	-0.8372889048991339	-0.24581313069113284	1.235163508706634	-0.5002089288686175	0.16309358404399402	0.9401512478233601	-0.33649844692179215	1.0562918565086974	0.6129109135472172
MC1R	Not-coupled	-	-	-	Melanocortin receptors	classA	-7.061564474259815	2.1089311740667918	-6.1210763022102315	3.114010588295747	-7.770843096658539	0.6193343306020119	0.7503717401121998	-0.1835789573064193	-0.4256489806156452	2.78689821882003	2.781938478940868	-1.444445487135434	2.612595562468625	-0.024691000795650148	-0.5998064583054221	2.401363362009301	-2.478132593226697	1.8385981542973542	2.002623160320188	0.8151925753315923	1.8996852739037755	-0.6380618718773761	1.2177098613485478	-1.5512379546193336	1.9379166939464463	-1.3786630546344592	-0.4181664204756476	-0.8057446669257158	-0.6790571176064348	2.053510192935555	0.1469279871573085	-1.6234680724293389	0.3704324714328642	-0.4443046243406025	0.8170566261870091	-0.7920111176892144	1.0998042739873573	1.1770760900265942	0.7012960254366212	0.8651078128672389	-0.35243891945527933	-0.13724800848118038	0.9957446877352631	1.3476468340985353	-1.343452381672236	-0.45212369051766055	-0.3741856514554426	-1.7568053654377846	-1.2399603884867925	-1.6740309156827449	-0.5297533398971498	-0.08557633466457629	-0.07169557663168091	-0.01647658653952691	0.3512557996271409	-1.1035545331633763	-0.9036593148648568
MRGPRE	-	-	-	-	NA	classA	-10.136066502146413	3.125361654253549	-3.427632717339043	0.9785842812185178	-4.050242825712072	0.4710991983454933	-1.3713960661223505	0.4747993046976091	1.8691351939816667	0.40925923895761546	1.921525586976611	3.2252471058516425	-0.8883137617741649	-0.8569970629027438	-2.225206637024204	0.020157828350830888	1.5056235035679386	0.8543892442598506	-0.4466399933387438	0.5029114561679556	-0.4982065789801341	-2.2408279587633784	1.1529710920405745	0.8529302869133272	0.1954560530480973	-0.8560100945493329	-3.2914506855852963	-2.1736646684530005	-0.45201732992498267	-1.0175383477290012	1.0728756787740004	-2.310921476913295	0.33513337157062695	-1.0333500075516306	-0.28145653700803586	1.4760320208932758	1.3938965977298539	-0.7115972124743614	-0.32656829725955416	0.7552781245557277	1.4191828859892859	1.2355803823074696	0.6754135112446188	0.2969469109234182	0.7890565915462187	-0.02126007874454377	-0.6236104268895579	-1.2604943149674568	0.9141356093775288	0.08084097130823167	0.798682625398114	-0.8760217678834726	0.766139518199902	1.2145323460775082	0.9484094544690354	-1.197495361302915	-0.7574599744652141
GPR35	-	-	-	-	NA	classA	38.59674046523919	13.06125198423116	-2.8994551895287923	-5.256344503595484	-0.6168400911248584	-1.8332048568728483	1.0127868075727766	4.117364239274218	2.84480994426354	1.691498797402326	0.15609159697079972	-1.5936892211023044	-0.0565715930370579	1.2519033915827407	0.8097905652519425	4.298086620962421	4.524617170708897	0.19932764970102101	-0.8879465814309302	4.423103604019966	1.1684362754738804	-0.7325208730017255	-0.5559807157087824	1.6292956358304715	-0.17856252729697808	-1.6810555103059739	0.5668736311374465	-0.6250217589525734	0.40434546591811993	-0.6532061896536933	-0.47311718292472477	0.13978754277428848	0.11996427883328052	-0.4403250415683085	1.5198118297908425	0.6900946129797619	-3.086061741682808	-3.3909222224428075	1.0247104592343506	-0.26672494249154133	0.5879120104185385	-0.24078978329005613	-0.9078802662587623	-0.3671129649812249	-0.7363130645685139	-0.06043000782707505	-0.649456490055676	0.4770139416986904	-0.24020552816951382	-0.3561740516997177	0.9727364676380985	-1.0150347043654515	-0.9217586717009321	-0.9666668660370947	-0.28400593100696453	-1.3069517573985827	0.4707885285566401
GPR141	-	-	-	-	NA	classA	14.014391675263134	3.3732377127825672	-6.785628640836501	4.8549042706281496	-3.59987297890932	2.4962145263800752	-2.1927384923829756	-0.06206508840133531	2.6068891022305416	-1.1423502062942834	0.9580530899986095	3.9648118965427392	4.325717822287864	-4.299467514470569	1.9283393966754672	2.09456111555976	-1.7095532545960506	-0.35738557291115064	1.2576114201928443	-2.258101338661845	0.11524604056441905	-2.4671624875118265	0.4350709403232577	-1.4244425301388057	-2.074714341921423	2.3351248208281254	1.580351372473423	-0.9299837216660869	-0.8231837591208073	-1.0429713670181329	0.05226488792072068	3.213435033928648	0.6897034406803265	-1.201112507927678	0.06914814411431233	-1.4333112656508291	-1.1818328860010217	0.2707010750875083	3.5293926973873564	0.07828801481362124	0.6488805108967018	0.5157942208665482	0.4736862584931537	-2.5856982105484683	0.1333402854099572	2.553098741428457	-0.458675398223969	-1.8475937040357346	-0.2929239042989096	0.20775397447807645	0.2693175691779173	-0.07185647265258134	-0.6024544054445854	-0.7676624766742535	0.40348715573189475	-0.9291357835100802	-0.7286594612172635
FFAR1	Coupled	-	-	-	Free fatty acid receptors	classA	-12.331770223825133	6.080057931129876	-0.7417684255528075	-4.086950801848311	-3.6523475160233376	4.240949650015434	2.5555587459090248	1.718816068294379	-3.202579469551333	0.4303025762037773	-0.14496719478764364	-2.7207586211151766	0.8665827644089618	-0.349393916210328	-4.050472650086385	4.250829756022853	-1.9827277188008612	0.46273837892053626	0.0006961527063678695	0.06731683431848005	-0.5958284028240186	1.7248571055206934	1.6456186653786387	2.3738909387536204	0.4460636359188697	0.5667108170337745	1.1364458844281367	1.0628702203951061	0.3918846237522516	0.46505130079308193	1.320985943585678	0.307254434422286	-0.670603740124857	1.2834987801364206	-2.376319190706265	-2.8716041060475592	1.5638587301897706	0.35213860113965023	-0.33191136510227404	0.8602357641957378	0.7522901821442599	-0.006497910037871278	-0.1688912957512063	-1.1322062978482226	0.1540207656745905	0.13060288722648905	0.8659493419901709	-1.3357898537085202	-0.5511222028156711	-0.015329172762663632	0.2476814775366729	-0.8522722650353077	-0.9725326121780211	-0.015627049702034733	0.885495785283218	0.09938661547745498	-0.08233124972393616
MC2R	Not-coupled	-	-	-	Melanocortin receptors	classA	14.518083856309548	0.36768199344046826	-6.713631423386044	1.6912304242456528	-0.7910989801570402	-1.5705485464990667	-0.6430758298882907	-0.0018895350051041995	0.016578247254572572	-0.3607847888637617	-1.1153498613965347	2.358956075726792	-0.2725512196404211	-2.6491355937927707	3.78936607612488	-2.3006737495043916	0.2855548504497965	-2.061921012813183	-1.0780231247441454	-1.8753068506546315	1.030941876432835	-1.2125821139099395	0.5162953637716273	-1.392578670261612	-1.2812138676514242	-1.5772602229074553	1.1692635130014872	2.661433479425978	-2.517598701891868	1.973894490143018	-1.5523047449079408	-1.4517858836718893	-0.24748312988342425	5.187499951595603	1.5452445443757934	-1.2626956219661603	0.7987897252402162	-2.3456397917072245	-2.3390695640474206	-2.3232638610543623	-0.6332292312687067	0.43364848145329066	0.9737760116682951	0.33932661444747864	0.6243537352301289	2.330348154781002	-1.4997767935586976	-1.2360501552677985	-1.2308324041491085	-1.28938519538321	-0.7093091165969669	0.7131048095136294	1.4831478641432567	1.0835905244192088	-0.2932904288021287	0.7716568524625682	0.25172888845238
GNRHR2	-	-	-	-	NA	classA	-13.814695627613236	3.3525048661557735	-1.7725159664563066	-3.3011484063211745	-0.21564697367005634	2.3784498483658862	0.5519754363505174	-0.9968829451484069	1.2549466542664256	0.32553671552131475	0.45217663367069894	-3.3830816949510485	-0.6661160301318452	-3.9528837905053322	-0.7871579685660246	1.694120358840441	1.8077468802248313	3.071429342998482	1.3737606745863273	1.8776831561090526	-2.0465947587618993	-3.601217292013928	1.311979827814678	1.9760551308777392	-1.4054713339816225	-1.6226914165135193	-0.030425337865030447	-0.3501050040710251	-1.2149374955453378	0.3774832027901187	3.0464266833321636	1.4782909962554427	-1.2660370540382224	0.5007555072518971	1.5641013768400422	0.7676070193419576	-0.8212902549177538	1.5559848519691066	-0.5876259015418424	0.7113439635955562	-0.2742286761901067	0.8173079744329547	1.4458184506502136	-0.7726769925144874	-0.9794760611041968	1.3730475983398593	-1.6857726131724915	-0.023947796410635554	-0.014777696940630618	-0.36690390015993246	-0.24192783474683566	1.0524948708779063	2.38293496705553	-0.3719457445521865	1.501459317024383	-2.0968597517729988	0.9113340151200391
NPY6R	-	-	-	-	NA	classA	16.311455423540036	3.7667860326561824	-9.871391631460721	2.587413320575772	-5.885140724455477	3.1116323807200983	1.727949619057217	-3.2896256566168045	-2.006277135675086	3.0403639444490875	-1.7968972216318422	-1.2625373001287519	3.7634504018262085	0.366073816821243	0.6449912178972191	2.728574379813863	-1.5061351893226709	-1.533656964398472	2.024381147547584	0.8381732044337291	-0.24459665977288603	-5.809196549600221	-0.003856124896750001	-2.9237863348708313	-1.288725324215717	1.196646376513463	-1.4341292936765078	1.473348073148192	-2.939738331036749	1.7837948808216826	-0.30319458817062245	0.08181928007932665	1.5463833301846752	-0.4896565823678283	-1.2007339818990859	0.9402188425208052	1.0091269971640713	0.03879161782378577	0.24476615019528308	0.4589147079787662	0.6432883789983892	-0.7920039295737467	-0.4059783862637015	-0.910190985839354	0.7497109031829385	0.449642841595603	0.5584936361495584	-3.1548540545503347	-1.1343926630382588	2.4118897161530395	0.25755146122833744	-0.6498672973838124	0.9087676135684413	0.3960222212880708	0.290177066651682	-1.0630556612167854	0.8783512694570843
MRGPRG	-	-	-	-	NA	classA	15.459018932762794	13.544508483010585	-0.5302453291236885	4.7170404641798225	1.5050034432415922	0.03908489299030209	2.238976677662756	-1.2049411179312635	-2.995035286350757	1.3956430864277658	-0.6193062340122596	1.0443394891506934	-2.0362980241205384	-0.09241248412847025	-0.3298456905859017	-1.2503657207278152	-2.1969330247074814	0.36902409115896173	0.5873620999783438	1.3577098100394493	0.11143655328133703	0.6034117651840017	-1.6566790191372756	0.017972627845930317	0.85044988140858	-0.24335274224971984	-1.7365607033584152	-1.4433944007800366	-1.1536482544379962	-0.811135905393843	1.8552362920647358	0.19400962463721863	1.7048770295469202	1.4692061847339024	0.6793479232162747	2.1351826179884523	0.40834888070745723	-0.5991188852569359	-0.3660671526981463	-0.10623786617250887	-1.2590296736110156	-0.9012589995493984	0.605074901931048	1.3694959011101075	-0.29250282845837655	0.17154315796323708	-0.2616566119553596	1.6135757394885235	-0.10915042909502694	-0.4746101259713516	0.3131535658225426	-0.4260747486866818	0.9070876394479492	-0.08304272942679429	1.2828337974397177	0.7573223138827695	0.14351875208631168
TAS2R38	-	-	-	-	NA	Taste	7.5508421870232105	13.668101343978508	1.5364590507519473	3.4762598438120205	3.264621201264271	0.614785671706429	1.0449591126276807	-2.3957958895528457	-0.35607185853472545	-0.05498121372533526	-3.3343721650674065	-1.2609304723192722	0.31641429514267916	0.011495732029770264	0.215538745476337	-1.4254071680074252	-0.7438986024992809	0.8068433421807812	2.3241571007575836	1.143545023450121	-0.7462144309322177	-0.29303376161297007	0.6963289152984837	-0.6802463997070789	0.9364375318310751	0.811714636118455	-0.49634356951448355	0.5718754155442037	0.42214071054498453	-0.7015692731073403	-0.22118223278803667	-1.7277807787210795	-1.4529007537488992	0.414336176459341	-1.4166265820787014	-0.3648979502944107	1.73969397723339	0.257542285370684	-1.0642941307243252	0.357934701074295	-1.6037741499760938	-0.4168210388802573	-0.6798768698540077	1.357444836058843	-1.5748465165495587	-0.1646409107029011	0.8072331476432157	0.8735500921046729	0.19739125774914834	-0.5309329295846872	-0.527933035719219	-1.0374917783663884	1.8326742647224075	-0.17627656586735424	0.006508751391653254	-0.8742834585707727	0.9338736743890937
TAS2R39	-	-	-	-	NA	Taste	-4.105119940019588	12.204569161613968	6.930207330273569	5.689870411343596	6.305902089259651	-2.535871966616021	-0.7992330177308045	-0.5823634258227781	-0.4554140102254529	-0.7237342821902382	-1.8331111623995158	3.122722831477766	0.34549569020785226	-1.2611409568228404	-1.3347535826425163	-2.4504526414779173	-0.20817452286683882	-0.3621622020688923	1.895291807492915	1.3000662437762365	1.2227170487584422	0.019215005597068055	0.6998740393680858	-2.1089894783679055	0.25827064006377226	0.7851598132322256	1.5766411791133932	-1.090730422566593	-0.9100551785738388	-0.18121481649610524	0.9687927251823849	-0.9434933652134506	-2.7509150229133534	1.9684365473405854	-2.5291094105702245	-0.8441932556688904	0.09351833049864218	0.7782333641885685	0.023736493816824376	0.5413200519381124	-1.194074320002483	-1.901194427546337	-1.8159256187513808	0.5003278644368687	-1.9015298074908737	0.22453365017681104	0.5258682852119482	-0.5161434957234533	0.9033757234798111	0.7809824941347794	0.9972738622922629	-0.24915958830404253	1.1835117780450781	1.2609807374454658	-0.7730908105728296	-0.046202739920087124	0.846424806043199
TAS2R40	-	-	-	-	NA	Taste	7.63499829617452	15.158569827412053	0.14402632006284505	4.99821198293144	0.5605296239999109	-0.00794432896879298	-0.31408441204585286	-2.8084299719382853	2.9679501387632787	-0.4985650463898843	-1.085983885318784	-2.6950422653941173	1.8167075348143082	-1.0331236917515232	2.4804066523279023	1.3309456081352404	-1.6212535125547909	1.428459697507903	1.0892508882153065	2.0390119629584675	-1.6944531161624308	-2.215859642714472	-0.7201064343317799	0.25591378383487584	2.940180431395459	-1.643409374520099	0.36829786319360025	0.7068230353597971	1.038104972572041	-1.6858146031599182	-0.7510372971302137	-1.2698582699647094	-1.4349439204256111	-0.8644464844860901	0.2552777991327487	-1.9675198108259369	0.4722125228881521	-0.796466933540658	0.8177973923829838	0.40327124540596293	-0.11347009315808085	1.3007080080877294	1.3313368153103746	-0.18819415479717463	3.077606292613508	0.09414436280555055	-1.0150976977142012	1.1428435396607066	-0.1405408694559377	-0.9562865226620823	0.37120074757501276	0.5653134020203263	0.15340371278075127	-0.9184587063403409	-1.3979517083806796	0.7885038304662575	-0.56591628483312
TAS2R41	-	-	-	-	NA	Taste	-15.209803352884986	13.426507425772884	7.817386231576897	6.429753793535379	6.077159436079713	-2.074427739264587	-1.1061573252542367	0.17271536037821064	0.6291463942305591	-0.3928787529670778	-0.0660546055268829	-0.7093535084752657	0.503689803030974	0.39179030429625034	0.991182761208516	-0.5782273333860434	0.5850714591644122	-1.4308454762575544	-0.41478146005157546	-1.28718605295499	0.3960257003552414	0.8441422880599455	-0.4617995051301205	-0.9161470169851172	-0.3074401294597318	0.40393231228353377	-0.15350415963289918	0.5203896562782795	0.16985922761732558	0.5461880410205581	-0.38557529800347873	0.2635797236678475	1.880504215770479	-1.2985835542508992	1.5199541127804064	-1.2410621440219394	0.7595787413279059	0.16114882552387003	-0.8119082789615533	0.20277498705257455	0.5132547707407616	0.06743209352909442	-1.8973184919635728	0.05253869694957385	0.4760700375672643	0.1790564066312843	-0.37894812285022594	-0.4961554589130746	0.5334152455135752	0.54225671262288	-0.6437813344848428	0.21897155119923462	-0.6434598780171727	-0.023396246193830423	0.14751171642814545	-0.27378232998910923	-0.6038011084425609
TAS2R43	-	-	-	-	NA	Taste	-17.986917071492122	12.86101282745159	7.4851880352926115	7.068236413002494	6.149365377046756	-1.8134561920586145	-1.1408310368618604	-0.33627917758488796	0.7789316084593745	0.09706025352580896	0.4446021579264429	-1.2413630090985197	1.2248136932029199	0.28989229820020535	0.27676671497879257	-0.10766329424144293	0.6552394814970744	-1.2053219418841135	-1.1470820247712725	-1.8474887141672054	-0.26535291438023284	0.8104622656100344	-0.08037635511308937	-1.3343255055998204	-0.5275647380200648	-0.023416868179919018	-0.46504947801780117	-0.44661100363254314	-0.28798478275670963	0.8914978744810329	-1.0302730197117973	1.276518781347225	1.5988496036459894	-0.9229424297511999	1.4029790022203585	-0.7909558098064822	1.0148004763370886	0.5246729274612562	0.04191706494608609	-1.038534562319263	0.8409918871028503	0.6827677174871485	-1.6307617664072753	0.13525252218923023	0.6977887596460678	0.24848426609689817	-0.08362254058090499	-0.961781235233273	0.23092124535061023	0.9224109734255492	-0.506350600329673	0.17135113512470598	-0.7477041202293654	0.29718306925345594	0.5686227986269948	-0.0382415071934733	-1.127800433421696
TAS2R31	-	-	-	-	NA	Taste	-11.507040115274268	13.518553788729381	6.863691796928409	5.568021199030219	5.7390554249855175	-1.526274481195037	-0.9100087307732297	-0.8316009631058598	0.4655664815605321	-0.7098949460190218	-0.45902422572665436	-0.41284489519018014	-0.010039392849639135	-0.6528072688459785	0.5805974509872435	-0.9487975072771676	0.8376191608575154	-0.32085402204178964	-0.4175682663834883	-0.9060345894486191	-0.1568784608430515	-0.19677195070071946	0.13057314040494364	-1.6316795996723692	0.757584002684965	-0.08910795251485876	-0.26085237122571275	-0.7012757412931061	-0.02153204336719585	1.154185382115959	0.7702424030338234	1.5320970462198258	2.561252770286828	-0.9108035077215165	1.1231071322364172	0.3930793395044064	-0.6514093939762636	0.2066605812805309	-0.6593562044759603	-1.6001808011290044	0.40929942607904884	-0.27533082885526805	-1.129687245393962	-0.21640445975948558	0.5064259314307935	0.7796639977146981	0.06854915933247731	-0.22980399335424181	0.6574494592908506	0.6202337218440901	-0.0464055677546372	-0.2552190680369515	-0.43209896038329176	1.217527010641647	0.08279798513862598	0.6847751949176807	-0.4296340538640625
TAS2R45	-	-	-	-	NA	Taste	-16.171842753092807	13.600734641652226	8.541054247725093	6.674035447654441	6.196599260009551	-2.1182993293027605	-1.074149311596722	0.6893480124700355	0.5036382816771154	-0.5942344313441706	0.11548275939446967	-0.441674895733779	1.1445764430430732	0.857972675648343	1.0644624502769786	-0.8802576462341157	0.22250561784063394	-0.809552334299779	-0.9902827213598282	-1.3925691696738405	0.22868962123082806	1.1458135393963562	0.31238006309031324	0.2501579812553527	-0.018563807825402713	0.2511851318722157	0.15403377159018472	0.5860005558573478	0.759118644723175	0.9908003520924518	-1.024950463556018	0.8412609440103035	2.083543220684896	-0.8995176964168964	1.9651282146434463	-0.9477404418332209	0.3774139432980404	0.4542611530233763	-1.1508240175122435	-0.21953477694058143	0.8057231715989776	0.5239826716548915	-1.223994524346079	-0.002002171130405486	0.7812122807223817	-0.08829044672937271	-0.2994650339844718	-0.4952830322727843	0.6757214803088476	0.3255682732064844	-0.5382882753134524	0.28525933473681153	-1.0477410881924236	-0.12490304306160574	0.40392162487008687	0.21449243911853155	-0.47334462267318966
TAS2R46	-	-	-	-	NA	Taste	-17.697631978660105	13.474428758669852	8.354229245444923	6.268724413440584	5.976144849125706	-1.565299976352129	-0.61747271156215	0.46597556658456524	0.10091017497546442	0.3201252138035323	-0.4030735039935359	-1.384902740380727	-0.5630131714051683	1.2465113440665325	0.22905452331037865	-0.47365684531370844	0.789259462263542	-0.4394915676588276	-0.2003451395543617	-0.5210690171362492	-0.4252641125784526	-0.10439812172289331	-0.7445383416109496	-0.8567811198965093	0.09107796649708651	0.22603194872627916	-0.30406547245770904	-0.5222047295224749	0.2731671224486777	0.8208677113764199	-0.947702694055343	1.7279662153808968	1.8197788085477362	-1.0248375665318927	1.6284465459144595	-0.8236217033060983	0.39729429512586706	0.15515478202943375	-0.3689316698737941	-1.1060458995151927	0.3317989085403224	0.09809847532390945	-1.3209172888083545	0.7453977917478987	0.49492444531703234	0.5469504865409558	-0.08841996174998965	-0.22788446128032894	0.07047708992317736	-0.005390705000154326	-0.2145030879086632	-0.1930844873785471	-0.047160794824160274	0.3604436200813351	0.7661511040672736	-0.23610798318085402	0.0501595003500944
TAS2R30	-	-	-	-	NA	Taste	-3.900277299671238	14.372387700534599	5.109028039609576	5.192561982977943	4.979634176864544	0.10908560738418116	0.4207116778223945	0.7472687171697052	-0.16616952663178988	0.06496156087158321	1.0993494529683887	-2.067375023141221	-0.7058701933625069	-0.19409570585291755	0.23955631069645975	-1.1534086969102648	1.6690733899519516	1.153796306921415	-0.6310302540849841	-0.4074715832633468	-0.9214598276638764	0.834162288268233	-0.46655616717185733	-0.28839579971643914	-0.4596639032714504	-0.32409207491275316	-1.110835855406138	0.11754326024739462	0.3050626588838332	-0.005649679339358664	-0.4164589184903052	0.783362558134882	2.6887390948184895	-1.6214662652677274	2.2974637386431485	0.2572077796360178	-0.3095643399200883	-1.0217922712700058	-0.028919496372735897	-0.21727943672528863	0.5720160476427831	0.1352743682672144	-0.8269013891741829	0.4514615953364884	0.6831472900608514	0.910206818040669	0.6272612452997879	-0.06377772906942868	-0.04718632967681672	-0.9913059134020303	-0.051317470169249306	-0.7965329415024635	0.20984548502310724	0.33234896263177577	0.7810142705204232	-0.3340337537999298	0.2808089114304957
TAS2R19	-	-	-	-	NA	Taste	-6.020637255431396	13.406366873532411	6.292140573930658	6.23735487690412	3.945393528661883	-2.215123617805436	-0.055332481708539764	0.8922684477184647	0.49012011406325073	0.511518508262119	0.7564038321676902	-2.44587694374837	1.4037691002029997	-0.028196096034446724	0.4669370648175101	0.4469365510697013	0.85765939114993	-0.3036464080250444	-2.496957832504775	-0.2901975686297581	-0.3657445347847062	0.7500954940089289	-0.902960902227995	0.6328946383202367	-1.4726895436797158	-0.08373450624066885	-0.46201288240711375	-0.2482184253911095	0.6968166626173514	-0.5197388101560126	0.5560553936855495	0.6536201599731805	1.4541581175915206	-1.40077838222552	1.2627853043219686	0.9165890192364512	-0.5428867295915845	0.1043119648671319	-1.0994373976508056	0.04225723745023145	1.657621940780805	0.4797834219436999	-1.302596031825164	0.2689007384602984	1.671977509390673	0.48548399969124756	-0.025071309661230088	0.4341148663615708	0.3935575432895988	0.8503027160494943	0.18279933202231632	0.5447400165002956	0.005374823258877141	-1.4137230892492392	0.3638094951121634	-0.7787142830316589	0.17133284623019646
TAS2R20	-	-	-	-	NA	Taste	-0.8951398193695232	16.045155211684257	5.149125576294331	5.293458801615502	4.982050552509887	-0.708477591588046	0.13915074988655454	-0.20179153492396878	1.339215792288238	0.9593944232166941	-1.0099683331102365	-3.272404835615262	1.2360886804543447	0.12919616672089443	0.35351109310160944	0.9263406201316478	1.9046855101023452	1.0471180612721063	-0.4171205336509615	0.4039607332796154	-1.231777095237666	-0.5466249942222466	-0.4538216887911496	0.17535352290771708	0.430163720501252	-0.34411191538222374	-0.523310414731573	-1.0343055841109285	-0.13563578286928457	-0.4729349050813874	0.18045692144870418	-0.36394088835801486	1.6165819839247686	-2.5609621498585877	0.6322334124852681	-0.03785531798736976	-0.09129016184147426	0.08149978415553924	-0.26672099185138765	-0.2745762316682048	0.04588677718736988	1.689351358311705	0.7640034601277131	-0.11525608832638436	1.5185971073139026	1.4668289611852965	-0.09555246684123823	-0.46146727733010556	-0.4878325364349363	0.4173942297446703	-0.10310271405634226	0.8898801110610637	0.07597783781697164	-0.46442720661744186	1.2159580555958471	-0.5502705906696433	0.3703225633367209
TAS2R50	-	-	-	-	NA	Taste	-10.705448138256724	11.872451272200012	6.145202290845873	7.623240959648994	3.8609760101556203	-1.6422058894772755	-1.2439054948751125	-0.06937692819335194	-0.5046362122242168	-0.9390482789734332	-1.5042943221587532	0.6830393765365618	2.225966855222773	-1.2463529663951987	-0.1126241341839166	-0.9605218381575297	-2.6500187645116204	0.47158568898014286	1.7857487545555357	0.5506508782056427	0.8290591627941069	-1.6532604830703819	-1.2361094695297354	-1.2274818540660553	1.1248671837485034	0.5368548088514044	0.4996054795419275	-1.3301782896837129	0.21541565523935766	-0.7263862423257742	-0.03776797506519704	-0.08681155206009511	-2.0130514057394215	1.6630854939578084	-0.1127180856035213	-1.7804942634220082	-0.4065051990308568	0.4976472984888511	-0.1597569554809298	-1.5800868243694222	-0.029755056428263434	-0.2712355616592836	0.6039121124312589	0.5330879919061762	0.06486758635033374	-0.4110748552555822	-1.0006537884275417	0.8179701885201155	-0.1447060702239703	-0.8221344589874644	-0.0755573414795721	-1.5374757870482691	-1.0970562671750077	1.4327764561044163	-0.8772708796193139	0.7381479065373056	0.028682916506456036
TAS2R60	-	-	-	-	NA	Taste	-16.85887123585998	14.233103014959594	7.4993206713140115	7.389697662787966	4.409425462697186	-1.700573117827523	0.29077589848611446	0.8948044108081422	-0.9614102432696416	0.5909301471975957	0.9617492991940715	-1.0749150595608492	-1.394226144988526	1.2052796716304892	0.007063616202393708	-0.9072254600633779	-0.9248620568047874	1.1038366753251663	1.3876992420494045	0.46933060903923524	0.3607420542223673	1.9937040294407729	-0.5307446190856928	0.549109942674707	-0.5349483429199835	0.9998797839077925	0.7963701714716203	0.593590737084583	-0.6007311391850874	-0.26855323801278547	0.8751362951314042	-1.1626521182011504	-1.2624052423032215	0.9982813019175174	-1.2860111649458488	0.6842440853082977	1.2086952098667456	0.9038936507066889	0.12124953621177907	1.3641096558559018	-0.15204038490009952	-0.50083878557806	0.5739098327731117	-0.16318414097270303	-0.3436491724092173	-0.3492570582620429	-0.20550190199383894	-0.17863818824219602	-0.5720200448676585	-1.103016993259448	0.5359979932541422	1.09921802868344	-0.40649850826949246	-0.1162248891453558	-0.29070978553332966	-0.3850180771797039	-0.4383104674524858
TAS2R42	-	-	-	-	NA	Taste	0.9683596120839731	14.397247850590107	7.086503891652373	6.424377034898878	4.19092102342694	-2.5010889717122806	-0.0795522449235146	2.195123372380284	-1.7533764160993397	1.5274111034932214	-0.19898213032522807	-0.2932531213976423	-0.1063155427792793	-0.8371342782632255	-0.7033763215600688	-0.9083576612267146	0.06073326688927072	2.6886605371295853	3.0944777778818695	2.5192616981898066	1.7684320400465052	-2.1184253176232004	-0.7630712438719972	0.8170218154083639	0.38574414247694616	0.6300005433491629	0.30699893350325624	0.23856675867003807	-0.07319113434500044	-1.970219393576127	1.7582581822897148	-1.5766703942758709	-0.16947626701262702	0.8306448440645011	-0.25098118092947963	-0.019738688021746227	-2.0816422324259816	-0.6226346058514193	0.1258420843200625	-0.18895552247050496	-0.6414375265453962	0.6278750183764116	0.464409282769696	-0.15100603720383848	1.1321408078614879	1.41152053757139	0.10247467976723314	-0.14051539278823333	0.02451445364935843	-1.2552349395454196	-0.7663233787446728	-1.2132414155582463	0.018951117947601036	0.4835228472810115	-1.5052952330408462	-0.37394141111112084	-0.5991919071927156
TAS2R16	-	-	-	-	NA	Taste	-7.340618508766269	13.749728727605946	4.239702551299957	4.895375610653154	5.534416165574251	1.2251395110623284	-0.19096772012313662	-2.210516426695579	1.290217843683277	-1.081852557781836	0.40783627422385793	-2.7570255445102876	0.14323855721318646	0.38950660535872955	0.09969664807822932	-0.5733674995481065	0.779395889907047	-0.5847034639486591	-0.7213212462490447	-2.204783997104259	0.06504025366770645	0.34023924684635987	0.0062361370349856855	-1.4743284857900454	-1.0289144379212556	0.646154274362436	-0.41944568291193934	0.8365618254756266	0.36957544550672533	0.2335881033491653	0.21724026637606636	0.2822083185343125	1.169020698541112	0.9465002683964271	-0.32170950743589966	1.1033027698922253	0.747321562256674	-0.34865239799556696	-0.14772538195124227	0.5602955888379263	0.248135802424703	1.0174135759535863	0.4552246891526537	-0.5206595938769331	-1.1873430688619435	0.19320821260503027	0.1157948444629113	0.508862471948309	-0.8683552915839556	1.3423621811618085	-0.3017301313704019	0.35398611439489563	-0.09298340848714386	-1.9221748719320961	0.04071287168860822	-0.10587573887216435	0.667565448077363
TAS2R14	-	-	-	-	NA	Taste	-2.264557473351788	16.40631295882917	4.906470849704642	5.2274883211929435	3.6153544727512403	-0.37342737124139763	0.8002812980763956	-1.4956351854452643	-0.6554935857330401	0.2706466658908408	-1.282993337170817	-1.8380503410000846	1.9245921941962219	1.7543899316298002	0.4747903748538599	0.004904619737449213	-0.25443029957813756	0.6209064822218165	0.5034886610088528	0.19204439423687258	-1.1213457477220063	0.5475850233799125	0.1977252771308056	1.1210314646640005	-0.34483514950317323	-0.6730884334040876	0.5730726692158072	0.7593179448739491	-0.15723579433599813	0.9688112097433228	-0.4187806600406064	0.43286591554511367	-0.8432303643361021	-0.1690912660663944	-1.1406458823404007	0.5933262959183547	-0.04138712843938684	0.7938479913303412	-0.2891226122153663	1.288407143549278	0.22693244293809722	0.9630374935796987	0.49640103549960135	-0.42498096229944365	1.3349514507078228	-0.3863269799183742	0.4427635738826368	0.18759740290826016	-0.435924875772099	-0.16370566919937057	-0.5128583897223289	0.16106740399552494	0.01450963342415085	-0.12190475248933798	-0.02076109576712348	-0.46379014435707466	-0.5891800529160668
TAS2R13	-	-	-	-	NA	Taste	-14.382169691901941	14.843153514291727	7.115565440086297	5.0340128809489	5.650071583564094	0.8909768097414719	-1.0099669053514653	-1.9084638237646996	0.6282501395339825	-1.5494890619258266	-0.08252617362974513	-2.4510225429775936	1.2092094732183791	1.3348901531061639	-0.274141214775221	0.12648103811563147	-0.2967022396444324	0.07606466464604111	1.2498888196494427	-1.6559607630578492	-0.37103954796394406	-0.13201700461885138	1.6358470156513862	-0.49859519611433534	-0.5133742946991433	-0.46395322379866105	-0.20778521857657037	1.0029563758965663	0.6194166428112206	1.414907300415642	-0.4026059973780561	-0.6777755504009959	-1.1572967987986584	-0.6820980855473434	-1.0231910334199577	0.9482589829818884	-0.29491202701819236	0.6807636714092785	0.5125129166735597	2.422158818721666	-0.6524890298531119	0.3928770838938796	1.6694296519823186	-0.8853372895538645	-1.0130831650288172	-2.07774657599	-0.5292924899161819	-0.6066663207213915	-0.038777578212651605	-0.379840009657758	0.15334752981607708	1.1461044324833236	0.8938058137562066	-0.33755567100684863	0.9044346334074505	0.6062740225248047	-0.48698628031591523
TAS2R10	-	-	-	-	NA	Taste	-16.191530634844792	15.165453518866366	6.960832254054573	6.234752161110632	4.915235110036404	0.5100143874194402	0.08496016636216745	-2.3650677988517477	0.15649955098754117	-0.41680647783527613	-2.2103421682180646	-1.6988643387472095	2.4359912981376817	2.383326715761155	-1.2475411959485907	-0.36504333534239797	-0.611537118527801	-0.05496825922083128	0.06679025087769705	-1.67688704833473	0.6868518653616872	-1.0225244242326192	1.0523279474276752	0.42446599368102095	-0.21862568481140224	0.19142047781846644	-0.5870404318722694	-0.4427049649512703	-0.09132024422025896	1.2704918280179884	-0.6036230869782232	1.290553239624636	-2.232759735735059	1.232827163596021	-0.9460437773328122	-0.5927687568250726	-0.5643084392839957	-0.12662394240740624	0.44621522966209853	0.7106274411740808	-0.33618803581173146	-0.4879390749913685	0.4100423110797047	-1.7075024027307546	0.08712859207708512	-1.5723436323287985	1.5315408136432866	-0.2959114932808979	-0.40005912270860833	0.776473256093367	0.23295915904590453	0.31472092238538346	-0.7445010616546741	1.3752767706710836	0.19726224363042383	-0.9318545773380691	0.10205453566226266
TAS2R9	-	-	-	-	NA	Taste	-25.412662308914182	14.564428177490784	9.093918329733613	5.479901174078322	4.57437563112039	-1.253218793815985	-1.6721091182855687	-0.5354905542306497	1.2014621357050201	-1.177900726071764	0.13654628494906224	-2.6647614792179373	0.18008950700407483	0.8286174176382478	-1.0096647894097224	0.9210422404856877	-0.06158212209304811	0.210587340182148	1.8120611883063609	0.694532999384617	1.5895913379282078	-0.21890652379467826	1.9163497735334187	0.8760842192947172	0.653925953669851	-1.1464349610511169	0.4070294538199973	0.06259434525274105	0.9063636747169019	0.4821059651866238	0.33639334465809945	-0.3123817481344396	-1.5486734387905179	-0.03297070062235239	-1.4135247273698863	0.764508145605661	-0.3610938162758682	0.6899977944944221	-0.11795710329651848	-1.5880912373975642	0.05998684267188302	-1.407151044498749	0.9521214876731885	0.3727943847376025	-1.5223020802888927	-0.7998385119261044	-0.11536353198539527	0.031933035778235155	-0.4996409039602478	-0.3438534608689285	0.9215965382484145	0.1475773292990491	-0.20055812655696942	-0.23924496157410172	-0.8562630141410968	0.9156913510913186	-0.03679085569853826
TAS2R8	-	-	-	-	NA	Taste	-22.037113572269845	12.824124044492287	7.028501506349229	6.190439419755595	4.163014591831046	-1.405949620786195	-1.1487142624655036	-0.9222147313640489	0.7836432689512434	-0.037458761251833124	0.03995360659476628	-1.3909222909244428	-1.4137286181068427	-0.08809186736073706	-0.8053761391920314	-0.08935292885843048	-0.9798285101167105	0.23365215199594322	0.736555392444153	-0.7991019931056459	0.8833749857034938	-0.041231567792953845	0.7637847884347638	-0.23023982866360834	-0.42912206124176655	-0.04842237396094089	-0.3586351347782503	-0.7545635809737556	-0.6477469336242048	1.0825861811089124	0.31934214816707457	-0.5536896887647637	-0.5611429356636878	1.5682971579054852	-0.24351967332231955	1.0686475525950476	0.8163997561276158	-0.11426152420420779	-0.6704638105053292	-0.3232988388595178	0.6332375246372336	-0.21311520217699492	0.1977268879567833	0.962997715166331	-2.270221932739901	-0.7802295587202407	0.31412658349113315	0.3766026490404222	-1.341985651895402	-0.3824250869092576	0.6898412042967436	-0.003849099697577072	-0.30712612323057575	-0.11148370615359919	-0.8271609068661624	-0.047404045697735764	0.4540227468033045
TAS2R7	-	-	-	-	NA	Taste	10.740538431923925	13.805417856719057	0.4507077936304099	4.72867834268159	1.145092999030849	-0.6244330239423056	-0.028210454926651946	-1.3339838996225704	2.150556324632555	0.7164130760907106	-0.6629398622053836	-1.4932009808629496	0.7049319242447013	-2.1748886110045857	1.0594714226721482	0.5594523431940235	-0.5561879676164224	0.30178349928994236	-0.27198218178206757	2.0557954667615164	-2.7724757537824845	-1.1528561161277	-0.4106526641992186	1.066430931205458	-0.5052256379469597	-1.8585721159523694	1.0251449555962642	0.47856324929525873	0.3794193318942068	0.051026735602279494	-0.7090278529091067	0.3597909842165261	-0.19629102667464585	-0.36008011953241353	0.033042490552864574	-1.1895956901053468	-0.6439381422429726	-0.7436644501760532	1.3897026436137718	-2.1224901324181316	-0.594600545559019	-0.7313482066971864	0.5459864455289077	-0.20426363891284297	-1.3779728266320814	-0.08961590646608801	-0.20904774281913094	0.23136510518984357	-0.8711432351253898	-1.975544346482845	0.15162536438966528	0.9284405031379313	-0.17752921997959398	0.27860698013134033	-0.9490156330614267	0.4879855786347563	1.9179367991092047
TAS2R5	-	-	-	-	NA	Taste	-0.7075597497617205	15.250734763264516	4.8176042767184155	5.223112858604093	4.3119991881709945	1.477812835579821	0.5744358515716291	-0.9883336366965353	-0.25837171127228525	-0.16116769313832677	0.2594733421740824	3.4016828760481066	-0.5611515481913664	-1.4340922474766002	-2.333274338129439	-0.5053760112699095	-0.36878984896669287	0.904594976994987	-0.37857203675566137	0.353466780948179	2.3755971981229416	1.2951794895910484	1.517542713176396	-0.03446199592212046	0.2848666588026394	0.96740668327975	0.6443505390897456	0.3177753236073428	-0.7237656094534853	-1.9789626207577466	0.34045533759232105	-0.007757903084577009	0.32793950971805813	1.2718146324527562	-1.0984158624578084	0.42196309641415347	1.0562984918012066	-1.5425281524734213	-0.046085023517941866	0.4509515885954762	-0.6680640530562403	-0.724103740060889	2.2624773717594597	-1.4454688265342117	-0.40831601042728094	0.9218892982001011	0.8071971758420623	-0.08749741289762165	0.12444783209206238	0.3586363475473701	0.9840176615496773	-0.4452738313698235	0.8781023886755789	-1.7728950232949638	0.8256920039220806	1.7801038257680355	-0.07178378094623106
TAS2R4	-	-	-	-	NA	Taste	-18.078551997169793	11.721817096548946	8.203849844216142	7.306678206117085	5.054568224180193	-2.9287840949639676	-1.8626752038077283	0.19535306827158885	0.22634187807435496	0.2400029727809521	0.35072363804268153	0.1459786970834796	-0.85032929077713	-0.8373647827956306	-1.0777901945123127	-2.0147997499728056	0.5299069446086057	-0.80323156392936	1.4496624802389502	-0.9420603595373033	-0.44800187268123354	0.7242348345624119	0.903273034720808	0.06358338422162921	0.4171253922246294	0.15061652748703852	-0.5157398736914874	0.31010047661547735	-0.3859474296012674	-9.78198477088859e-05	0.20493583811112676	-0.5197776733851254	-1.4424116273845793	2.507558259912298	-1.4177537564973504	1.1987281308835407	0.03962542109557424	0.8969594323681581	0.46428921896014663	-0.3665665907866231	0.06829231190899253	-0.15685468676714015	-0.08154231742743957	0.28571454134354307	-1.5435999801508968	-0.2799681803772605	-0.6109007215023563	-0.74023524031948	-0.6816363225031621	0.3306870786083434	-0.11070332150121984	-0.7684591329699836	0.07836955584216294	0.8648671982370344	-1.0500747626005102	-2.0885606668308503	0.3062093065693654
TAS2R3	-	-	-	-	NA	Taste	16.287850439402114	18.143168605365002	-0.5018040952672839	3.85219032583954	2.1338899460109255	3.200408034208242	1.4422708771177166	-2.4524799436674334	0.13841725089221024	0.41304675571433946	-2.4264612471827527	-2.243335107196578	1.8079906896896916	1.3630330635981616	-0.1551552290280041	2.323364038741892	-0.7303064424917186	-0.013973977246822918	0.15375756631972878	1.905351146875691	-0.4609810167210919	-0.7301765457930004	-2.8817568350406955	-0.2128906926142205	-0.41791703430890675	-0.1283884083352378	-0.6723595261344634	-2.414903124605361	-0.579140434567356	-0.05080522213941964	-0.7455791094779356	-0.18763302882774252	-1.2295104844743108	0.29078194219696296	-0.4284346088680551	0.2016387740185368	-1.858879205469473	-0.6462505553391817	1.9310313551995393	0.8034455603801551	0.19434471304140905	-0.16622889594256854	1.487774193520843	-0.22753323155083308	1.7095558488692288	-0.045518548906123994	0.6822331075799691	0.5173004854718094	-0.06347629424972369	0.2786762725931158	0.0878632547399753	-0.7376140054338145	0.07499712261607304	-0.5035480554137952	0.3262576731038934	0.2328831037637554	-0.565161846754343
